17.693003
18.149255
18.119733
17.982862
16.960322
16.773799
17.14819
16.643636
16.08943
15.706989
16.379279
16.400752
17.118676
17.781572
17.588342
18.155961
17.746685
17.018026
17.992254
18.283449
18.582691
19.344894
18.351878
18.117045
17.682274
18.345172
18.181454
18.363958
18.410925
18.626971
18.573298
18.910114
18.889985
18.828262
19.34355
19.897757
20.555291
20.500273
20.732421
20.594207
20.979333
21.262467
21.19135
20.96591
21.665046
22.53191
22.525203
22.381617
21.769708
22.44335
22.407119
22.756006
23.181393
23.282032
22.868727
23.397439
24.980891
24.950025
24.527325
24.784965
24.837304
25.093612
25.489465
25.152648
25.210352
24.983568
25.736377
24.999678
23.54639
22.191073
20.633114
22.807004
22.290369
22.047486
22.327944
22.00052
22.658052
22.605713
23.01902
23.153212
23.457829
24.183793
24.72995
24.452178
24.001299
24.128775
24.892322
25.489465
26.073194
26.061124
25.300265
25.611579
25.741751
25.548512
24.744714
24.554161
24.572949
25.121791
26.020864
26.677054
26.697185
26.646188
26.815268
26.580435
26.145664
26.157734
24.160985
23.837583
22.980113
24.07376
23.88858
23.173343
23.990563
22.683546
21.422154
21.589899
21.652966
20.885399
18.661858
18.196221
17.446099
17.446099
17.651408
17.737292
18.164011
17.947965
17.666166
17.358872
16.371229
16.269246
16.83821
17.370953
16.755012
17.364236
17.103909
16.724156
16.395389
16.615456
16.309505
16.030383
16.067955
15.988788
16.500049
17.432676
16.776486
16.334999
16.722812
16.705369
16.227642
16.404783
16.061249
17.089152
16.912022
17.168319
16.989845
17.005955
17.823176
17.400475
17.883556
18.723591
18.918164
19.465665
18.820201
19.190571
19.256324
20.065493
19.791744
20.344607
20.541868
20.918944
20.509667
20.321801
20.739127
19.744778
19.83066
19.911171
20.625064
20.731077
21.610021
22.565462
21.4973
21.858277
22.670133
22.776137
23.112952
23.490029
23.342423
24.154279
24.280412
24.788995
25.047979
24.501831
24.833275
24.617229
25.249268
25.490809
24.994305
25.459951
25.176809
24.63736
24.945996
23.911385
23.758416
24.311278
25.017122
25.094945
25.052009
25.328445
24.972833
24.874879
24.850718
25.419692
24.911109
24.370325
24.911109
24.262969
23.249833
23.130406
23.730235
24.346165
23.986532
24.275048
23.519553
23.23641
23.248489
23.80404
22.578876
22.824447
22.468843
23.440386
22.568139
22.828476
23.504795
24.093889
23.382683
23.702056
23.158585
23.333029
22.764065
23.189442
23.05526
22.161549
22.314521
21.741527
22.3105
21.340301
21.75495
20.718998
21.078631
21.454364
21.329564
21.02227
20.561997
21.556347
22.03272
21.949523
22.751986
23.290093
23.71547
24.060346
24.063022
23.582619
23.535653
23.286064
23.596043
23.388045
23.72352
23.154556
23.300819
23.439042
23.314242
22.7493
22.301107
22.404434
21.634179
21.494623
21.19135
20.354
20.344607
20.484164
19.986317
18.834968
18.770558
17.153563
17.993589
18.908771
17.585655
17.020713
17.271646
17.703738
17.208578
14.12488
15.25208
14.642856
13.432461
13.025861
13.169448
11.964414
12.048955
11.908055
12.989631
14.795836
13.966537
13.143954
13.672657
13.070151
13.209707
12.277081
12.999024
13.181527
12.933271
12.357591
13.406967
14.029604
14.900506
14.437547
14.353006
14.89379
13.861867
13.298267
13.182871
12.866174
12.717225
12.093245
12.941321
12.109344
11.827544
12.065064
11.579288
10.800986
11.081442
12.472998
12.184491
12.748091
12.435425
11.933558
12.408588
12.868861
12.266344
12.613897
13.381464
13.427097
13.17884
12.748091
13.186891
12.714538
12.805794
11.964414
12.000645
12.077134
11.505485
11.591368
11.411552
11.514878
11.622234
11.579288
11.453154
12.177784
12.691731
12.482391
12.212671
12.439454
12.154967
11.897319
11.769841
11.450468
11.188798
11.047898
10.493691
11.114995
11.857068
11.857068
12.028825
12.175097
12.640734
12.479705
12.094578
12.279767
12.477027
12.553518
12.944007
13.381464
13.755863
13.127844
12.992318
13.321084
13.306318
12.685024
12.663551
12.163018
12.238165
11.667858
12.110688
12.2328
11.968445
11.984544
11.800707
11.858411
12.234144
11.921478
11.446438
11.152568
11.893298
12.436767
12.92925
12.872891
12.80445
13.373414
13.623014
13.636428
13.632407
14.44694
14.291283
14.28994
14.743497
14.33825
14.021554
14.106094
14.585153
15.124604
15.564746
15.894857
15.431896
15.609026
16.04515
16.132375
15.876069
15.786156
16.297426
16.561782
16.16995
16.33903
16.305476
16.827482
16.626193
16.737568
16.626193
16.792586
16.885176
17.074385
17.722525
17.808409
17.780228
17.318612
17.336055
17.387052
16.695975
16.034412
16.498715
16.427589
16.995218
17.102566
16.890549
16.663765
16.438326
17.549425
17.854031
18.125095
18.224402
18.699432
18.718218
18.914135
19.288535
19.413324
19.30329
19.151655
18.820201
18.779952
18.380059
18.261974
18.296863
18.193535
18.233795
18.716876
18.433742
17.982862
18.279417
18.767871
19.114081
19.051014
19.112737
19.16642
18.789344
18.600134
18.169384
18.413611
18.298205
18.588055
19.100667
19.091274
19.709891
19.795773
20.363394
20.51906
20.331195
21.033007
21.177927
21.46912
21.483886
21.470463
21.474493
21.844854
21.925374
22.333306
22.215223
22.156176
21.995147
22.20986
22.103846
21.850227
22.183013
22.600349
22.380274
21.415448
22.007226
22.087746
22.319894
22.707706
22.686233
22.731857
22.464814
22.738563
22.819083
22.57217
22.18168
22.165569
22.349416
22.853969
23.205553
22.965346
23.155899
23.102226
23.311557
23.504795
24.405212
24.764845
24.827913
24.693719
24.755452
24.892322
24.666882
24.472309
24.979548
24.876222
24.872193
24.269675
24.811811
24.962104
25.497526
25.529725
25.398219
25.559247
25.604871
25.498859
25.669282
25.571328
25.234512
25.477395
26.671692
27.498304
27.535876
27.366798
27.170872
26.485157
25.818232
26.348287
25.294892
25.403592
25.328445
25.604871
26.036965
26.078567
27.034002
27.237969
27.274197
27.105117
27.435228
27.727764
27.777417
27.63786
26.906525
26.827347
27.627124
27.433884
27.400341
26.917251
26.826005
26.431485
26.332188
26.365731
25.941688
25.355282
25.478738
26.542861
26.359024
26.122848
26.432827
26.055751
26.171157
25.745771
26.224831
26.600564
26.886394
27.119884
28.051167
28.396033
28.059217
28.400063
28.27795
28.718094
28.767737
28.310151
28.257821
28.445687
28.194745
27.874037
28.267213
28.103497
27.63383
28.856306
28.412135
27.921004
26.536154
27.250048
27.635174
27.8955
26.742807
25.772608
26.130897
26.282534
26.734757
25.771266
26.22886
26.049045
26.326814
26.183238
26.659611
26.889071
27.294328
27.180265
27.231261
27.06218
26.894444
26.443565
26.926645
27.106461
27.458044
28.04445
28.025665
28.090083
28.275264
29.38099
29.398433
29.927147
30.171372
30.259943
30.407549
30.03718
30.119042
30.074753
30.14588
29.82382
30.159293
30.643726
30.779252
30.414257
30.984563
31.184509
31.648812
31.534749
31.664911
32.003072
32.143973
32.286215
32.198987
32.445903
32.513
32.531783
32.969243
33.402679
33.198712
33.154423
32.821634
34.78484
35.757716
36.342789
36.164317
35.163262
35.104213
36.04891
35.035773
35.741616
34.712379
34.351404
33.044388
31.650155
34.083028
34.422521
35.169966
34.669434
34.060209
34.113883
33.864294
33.324843
31.905109
32.51702
33.112829
32.906174
32.757225
33.997144
34.470831
35.000886
35.419559
35.30818
34.347373
33.673743
33.457693
32.63511
33.616038
34.018608
34.121935
34.847909
35.862387
36.482346
36.777568
36.254221
36.748046
36.361576
36.09722
35.788582
36.003288
34.375555
33.752919
33.343631
33.13698
33.363761
34.711039
34.633203
34.838514
34.525848
33.789149
33.913948
33.74218
33.534185
32.954484
33.801229
34.116571
34.758005
34.881459
34.792892
35.437002
35.018329
34.635891
34.520484
35.137756
35.148495
35.289393
35.117629
34.901579
35.124344
34.810335
33.5731
33.787806
33.426827
33.230912
33.811953
33.95957
33.531498
33.499299
32.984006
32.196303
32.593509
32.243269
32.423085
32.541179
32.621688
33.591887
33.838799
34.724451
34.595633
35.281345
35.301472
35.347098
35.834208
35.971085
36.260936
37.113041
36.952013
38.006752
38.079213
38.613289
38.770297
39.22654
39.070887
38.493862
38.562302
38.076526
37.911477
37.390813
38.772977
38.806527
38.810548
39.461374
39.634485
40.061206
40.275908
40.567103
42.235094
42.67255
41.530594
41.670152
41.534615
41.259531
41.443367
41.337356
41.307833
40.960277
40.388627
40.818043
41.513151
41.974759
42.708781
42.555811
42.755747
42.41491
42.676581
42.491391
41.334679
41.201829
40.470491
40.324218
41.388353
41.160224
42.049903
41.428611
42.243145
42.269981
42.520913
41.753348
42.457848
42.692681
42.597406
42.961057
42.700729
43.076464
42.908727
43.016082
43.165035
42.979844
42.989236
43.108674
43.02279
43.237492
43.504536
43.633358
43.424016
43.568945
43.674949
43.650801
43.432068
43.284462
44.225135
44.455941
44.819603
44.783362
45.104079
45.953508
45.844809
46.217867
46.386944
46.762678
45.71197
45.469074
44.642464
43.842696
45.282554
45.81261
46.141375
46.055491
45.101402
45.533495
46.29972
46.20444
46.086357
46.496979
47.218922
47.664437
48.061635
47.575869
47.885847
48.198516
48.295136
48.728561
48.080422
47.041793
45.438219
45.976315
46.011213
46.719733
47.397394
46.874053
47.251132
48.249503
48.308548
47.685901
47.739585
47.298098
46.519793
47.233688
47.444363
46.353393
44.284184
44.905476
44.372744
45.530811
45.785771
45.516044
46.291668
47.1733
47.02569
47.095464
46.782809
46.766699
46.23665
45.784427
45.475793
45.36173
45.367091
44.961837
44.390188
44.60489
45.105423
44.607577
43.941992
44.531085
45.337568
45.948136
47.060577
47.370559
47.023006
46.986776
46.530522
46.984088
46.467456
46.725104
46.90894
46.530522
46.518453
46.644584
46.89284
46.594942
46.50637
45.691839
44.725668
45.106766
45.607299
45.69586
44.983308
44.873277
44.576711
45.19265
44.953786
45.27719
46.675451
46.364129
46.443305
46.086357
45.36173
44.556591
44.583426
44.482776
43.732654
43.826586
44.610261
43.846716
43.633358
42.975824
42.312919
43.652145
43.291166
44.447889
43.793043
44.556591
44.988683
44.824967
45.043701
46.062199
46.890157
47.202822
47.932813
48.26963
47.503408
47.469855
48.042848
48.009305
48.968769
50.160378
50.569652
51.918274
51.970604
52.777087
53.474879
54.133756
52.681818
52.578491
52.398676
53.240045
52.187994
52.679131
50.639437
50.136227
47.397394
50.188557
48.803709
50.146955
50.58844
51.449951
51.056773
51.051402
49.120402
47.775816
47.83083
50.13354
50.479752
50.149639
51.472755
52.330235
52.332923
51.640495
51.130578
50.193921
50.957466
51.519724
51.547903
50.654193
50.984305
51.612313
52.240331
52.731461
53.743266
55.236805
55.48103
55.305235
53.920394
54.253183
54.101546
53.576862
53.274932
52.410748
51.169492
50.267733
49.985934
50.75752
50.639437
49.623615
52.174578
53.715087
53.97004
54.80739
56.62835
56.35863
56.66056
53.490978
53.046814
52.719393
54.450442
53.376926
53.756678
54.30552
54.340407
54.317592
53.207846
53.328617
54.08813
53.708368
53.639938
54.512175
53.042786
51.692832
51.612313
50.893057
52.177255
51.632443
50.644801
50.313355
49.517601
50.52403
49.246537
48.787606
50.4717
50.079866
51.287575
52.056488
52.294005
52.73818
52.461741
52.212152
52.422827
52.820032
52.581168
52.174578
51.017855
50.850119
51.129234
51.288919
53.132698
53.199787
53.481587
54.123017
54.552426
54.030429
54.363225
54.347115
55.183121
55.479686
56.095618
56.682035
56.59212
56.794754
56.702162
56.546498
56.334479
56.990669
57.58245
57.399947
56.400232
57.354325
56.414992
59.93749
59.665083
60.020686
60.789599
61.255245
61.216324
61.072742
61.68465
62.260331
62.912486
63.965882
66.178688
66.212234
67.444105
68.364647
66.78254
67.391775
67.379692
69.087938
68.845049
69.294585
70.102412
70.551948
71.846884
72.790252
73.062659
73.157931
71.544958
71.155808
71.213512
72.729859
73.156591
74.073106
76.233574
79.115979
78.576539
78.577886
80.661859
81.314021
80.849723
80.425686
79.984198
81.450902
82.457328
82.878685
81.837372
80.453865
83.014212
84.448717
83.776416
85.033779
85.375967
84.330619
84.030033
83.569762
81.216069
77.847881
81.815894
81.633391
78.828815
76.888424
76.716664
75.184206
81.856156
81.547522
80.916823
78.364517
78.116268
78.632904
78.074666
75.851132
76.418758
76.24431
76.378503
76.558319
76.047051
74.907771
74.230118
73.278702
71.137024
71.171911
75.3184
74.740031
76.56368
75.860527
75.453926
76.793152
77.719062
77.525831
75.279486
75.722313
75.526394
76.68445
76.719351
77.873386
76.645536
77.315149
76.778382
76.693845
77.042741
78.606065
78.824788
78.60069
77.517783
78.11224
76.591858
76.760939
77.092391
76.36106
78.367204
79.510504
80.435074
81.848108
81.303293
82.378153
81.615948
81.108707
80.366633
81.181182
81.441507
81.445528
81.354276
82.435858
81.091264
81.028198
80.637701
77.155464
77.143381
78.522869
79.847324
81.958136
81.428084
81.55959
82.621034
83.540236
83.320173
83.179272
83.653646
83.784378
84.902934
85.130693
85.014787
85.757348
87.343556
89.639981
88.414955
90.141309
89.300368
89.379877
91.059067
90.940477
90.761235
89.467476
89.652108
90.963393
90.324589
91.138583
91.700556
89.315188
89.025446
90.265298
92.042868
93.161431
94.30694
94.593998
94.619606
94.161403
94.348728
93.095395
90.770671
89.644018
91.819154
89.902776
88.863722
89.12248
90.489012
89.862342
87.94731
86.003971
85.691313
86.373236
84.646875
84.863852
85.544423
87.569962
86.871873
85.258711
82.186043
85.446036
82.660425
83.128055
82.145608
81.399002
80.229223
80.393646
77.733354
78.787228
78.548694
75.543207
72.801717
74.062126
73.489459
73.498931
72.683937
71.159533
71.438422
76.589711
75.937166
76.044122
77.370868
79.811799
79.16874
78.919631
79.788793
79.236429
79.359631
77.959781
72.942518
74.086492
72.192502
71.728136
73.294512
72.970947
71.710538
69.016434
70.240287
72.2805
71.252947
70.6329
70.307983
70.4217
69.451011
69.729901
68.989357
72.046293
74.328833
73.390637
71.346361
70.926677
71.117569
70.00608
70.873875
70.439298
67.927966
65.78486
68.51552
68.053872
67.691047
68.336818
69.587749
60.989629
59.551874
60.898926
62.041548
61.846601
61.665188
61.412023
59.882203
61.983331
61.916994
63.758031
64.678547
65.352596
63.714455
63.593262
63.536065
62.660485
62.637344
61.120396
60.740479
61.387291
60.296559
61.136737
60.537582
60.105919
58.617565
57.198666
58.708807
57.962587
58.63255
58.787789
59.62524
58.339784
58.328891
58.893993
60.413669
62.055893
61.888397
61.560234
61.648738
62.898784
63.12619
62.793932
61.560234
60.277494
58.405148
58.524974
58.824554
58.243103
57.627606
58.037478
58.14233
59.328384
59.143187
58.526338
57.171432
58.041568
54.849718
53.385876
53.178898
54.287334
55.303165
55.211934
55.609552
56.810579
58.569906
60.293843
59.818596
60.666942
61.274271
62.735383
62.456234
63.161606
62.610568
62.089689
62.332311
60.840958
58.783507
59.56893
59.387997
60.713479
60.265255
60.496907
60.605199
61.017787
60.509246
60.990372
61.899159
61.645571
61.781278
61.588003
61.012297
60.100765
60.559958
60.159709
59.982891
59.241325
59.758087
58.947987
59.215286
59.183757
57.981628
57.137261
56.679443
55.177124
55.189463
54.564413
53.976379
54.35332
56.092771
57.363437
57.680073
57.216768
56.891905
57.892527
57.670479
58.569673
58.462754
58.590232
58.96855
58.98363
59.182384
58.24892
58.435339
57.431964
60.381768
60.106255
60.44756
61.379656
62.137667
62.029375
62.598226
63.401471
64.34865
63.77294
63.735928
63.608982
62.703858
64.485138
67.54962
68.781763
68.700352
69.310215
70.056674
69.136364
69.314349
69.397145
69.129466
69.398523
67.414402
67.733132
67.843516
67.225378
67.413024
68.807981
68.336098
68.743135
69.840046
68.249168
64.533433
65.220558
64.145724
62.106412
62.823889
64.115365
65.166752
64.492043
67.697261
67.484774
66.440285
67.087397
66.608618
65.780749
67.32748
67.548242
66.699681
66.647252
67.298506
66.358875
67.138456
67.55928
67.996669
68.442341
68.806595
69.141883
69.609624
70.215346
71.935929
71.73034
72.432652
73.391582
72.570618
73.111495
71.290195
72.424362
72.12082
71.752417
72.679625
72.500261
72.294846
71.124913
72.244883
72.035328
72.168556
72.254599
73.299643
72.8597
71.977034
72.104718
71.473254
72.325382
72.139412
72.686219
74.02686
75.769985
77.173071
76.501361
78.595605
78.412408
78.814877
77.721271
78.610866
78.488742
77.907241
77.793432
76.945477
77.371537
77.023189
76.437523
75.561802
76.194652
79.118813
78.782954
78.259739
77.730988
76.957958
77.86005
76.765051
75.078841
75.488255
74.948378
75.423016
74.459866
73.96303
74.35023
75.82965
77.352111
76.920491
75.035816
76.20159
76.540221
77.188347
75.785246
76.400056
70.293597
69.495597
69.360976
69.474784
69.603846
70.611415
71.138788
71.553437
72.554466
73.854272
74.827377
74.821793
76.009905
75.948481
76.227707
75.024235
74.155837
73.332115
73.653231
72.88675
72.229168
73.669985
73.470331
73.682548
74.168408
74.324771
74.09999
74.056707
74.123723
74.845533
74.918126
74.086024
73.25393
73.540143
74.190746
74.171196
73.813784
74.395978
75.278327
76.08809
75.360703
75.036799
74.953036
74.936275
75.621781
75.747432
75.222488
74.249382
73.083608
73.079411
74.03996
73.085003
72.544698
72.833692
72.31434
72.460928
73.28884
74.158633
74.23262
73.262311
79.268493
79.850679
82.943129
82.697403
82.384669
82.578731
82.732313
83.902277
82.987799
82.697403
82.549993
82.206023
83.229499
83.360066
83.375504
82.666517
83.886533
84.880527
84.897367
85.121994
85.256783
86.219878
87.834399
87.606968
89.203239
88.869106
88.258386
89.506489
90.528555
90.883749
90.633854
92.084113
92.624631
92.241357
90.698433
89.705848
90.609981
90.492055
90.590329
90.275848
89.342234
89.263612
88.723094
88.801716
89.332404
90.393781
91.327395
91.907217
91.867913
92.408424
94.31497
93.70566
93.744971
93.401008
93.577904
94.786689
93.676178
93.14549
91.484632
92.801527
92.31998
93.086527
95.513932
95.356688
95.98565
97.312368
96.683405
96.457376
93.951349
94.472207
93.941519
93.47963
93.322386
93.312514
93.569296
94.80385
94.7841
96.038404
96.295193
96.769265
97.934684
99.28775
99.327257
99.337135
100.067989
100.285271
99.643302
100.867977
100.986497
101.233408
102.023525
97.717401
96.907534
97.747029
97.144566
96.779136
99.751943
100.17663
100.403791
100.374156
99.613674
100.324778
100.532182
99.712437
99.8112
101.371677
100.492676
96.660623
99.505033
98.872942
99.505033
97.954433
98.665538
98.388999
98.388999
97.529747
99.554418
99.771693
99.485283
98.576646
97.529747
96.334699
95.070518
96.46309
98.527268
101.20378
101.717351
103.534618
103.919798
103.811157
105.421012
106.013596
105.658052
106.665444
108.048146
107.258029
107.514818
107.822309
108.129811
107.951265
108.814235
110.351723
111.909046
113.258065
113.069597
114.53765
113.744106
115.370864
115.529576
117.672131
116.650449
118.039146
117.969712
114.140878
113.704428
114.993935
114.557485
114.071444
111.492439
113.198552
111.046068
110.718738
108.843999
107.356111
105.888058
108.526583
111.74042
110.877442
112.028079
111.631308
111.105588
113.069597
112.990248
111.611465
109.488745
108.447227
105.392095
105.402016
106.879983
110.986554
111.105588
108.367871
109.330041
108.913434
105.957492
105.134192
107.842152
108.665452
111.492439
112.067757
112.186784
108.258759
114.378938
117.939955
116.214007
117.672131
117.691974
118.594622
119.441089
118.435288
119.222003
121.512431
124.360535
125.933965
126.551389
127.298269
128.184566
127.915685
128.96132
132.446761
131.620212
128.254267
129.877492
127.925653
128.553022
128.821903
128.005307
125.884177
126.073382
126.611137
123.992079
121.731517
123.932324
123.0759
124.430244
126.511554
127.935606
126.96964
125.376297
126.680845
126.163011
122.866775
123.723198
122.737318
125.844343
123.91241
123.733159
124.798707
126.820262
125.48584
125.077542
126.033547
126.571302
126.322342
125.774634
126.252633
125.64517
124.231079
127.069222
126.382098
128.084976
129.130611
129.738075
132.098211
130.016909
128.104897
124.629416
128.413605
128.164645
125.276714
124.489999
125.260002
127.620003
126.32
125.870003
126.010002
128.949997
128.770004
130.190002
130.070007
130.059998
131.389999
132.539993
129.619995
132.039993
131.779999
130.279999
130.539993
129.960007
130.119995
129.360001
128.649994
127.800003
127.419998
128.880005
128.589996
127.169998
126.919998
127.599998
127.300003
127.879997
126.599998
127.610001
127.029999
128.110001
127.5
126.75
124.529999
125.43
126.599998
126.440002
126
125.690002
122.57
120.07
123.279999
125.660004
125.610001
126.82