7549.879883
7629.109863
7709.27002
7611.549805
7644.799805
7396.129883
7490.319824
7580.529785
7573.779785
7590.529785
7607.939941
7698.970215
7640.529785
7738.680176
7587.129883
7644.549805
7727.930176
7945.77002
7960.029785
7975.779785
8064.970215
7987
7949.149902
7975.950195
7693.850098
7650.049805
7414.459961
7583.959961
7710.919922
7872.379883
7807.930176
7798.620117
7694.779785
7932.419922
7892.490234
7931.930176
7864.759766
7644.890137
7599.390137
7429.220215
7522.799805
7330.77002
7446.209961
7522.200195
7516.950195
7442.660156
7443.069824
7449.060059
7214.830078
7187.140137
7196.490234
7216.709961
7157.950195
7280.509766
7388.549805
7221.740234
7414.680176
7555.919922
7376.930176
7386.709961
7530.819824
7408.089844
7280.540039
7120.859863
7259.47998
7269.279785
7195.149902
7371.060059
7211.509766
7181.580078
6989.029785
6912.959961
6927.689941
6834.879883
6978.870117
6839.330078
7016.660156
7119.259766
7109.669922
7272.759766
7438.950195
7408.02002
7359.799805
7285.930176
7253.459961
7246.790039
7240.100098
7268.910156
7350.939941
7328.620117
7252.580078
7198.799805
7227.27002
7100.089844
7064.72998
6980.410156
7027.189941
7048.959961
7054.299805
6881.939941
6882.439941
6962.02002
6944.359863
6961.72998
6972.799805
7044.77002
7066.220215
7006.049805
7065.970215
7166.509766
7321.939941
7430.700195
7406.910156
7366.569824
7480.140137
7378.859863
7314.200195
7329.459961
7268
7183.439941
7128.299805
7190.370117
7145.529785
7112.450195
7011.740234
7016.589844
7113.220215
7143.959961
7226.709961
7280.970215
7322.97998
7331.669922
7307.430176
7315.27002
7278.430176
7232.419922
7199.339844
7249.200195
7232.779785
7230.259766
7307.169922
7339.220215
7294.399902
7192.689941
7244.790039
7344.669922
7445.560059
7391.27002
7329.899902
7373.339844
7261.040039
7214.450195
7135.75
7006.259766
7049.819824
6999.540039
6891.689941
6915.490234
6765.22998
6682.919922
6740.25
6788.689941
6765.040039
6814.060059
6832.759766
6798.120117
6862.259766
6823.430176
6892.490234
6776.390137
6680.779785
6673.149902
6554.140137
6465.259766
6661.299805
6627.25
6531.709961
6470.060059
6619.430176
6615.899902
6620.870117
6802.810059
6748.220215
6767.899902
6924.680176
6926.569824
7077.439941
7059.069824
7088.640137
7128.27002
7136.299805
7083.700195
7010.200195
6959.5
6851.689941
6742.100098
6966.649902
6961.089844
6811.490234
6752.290039
6605.529785
6666.060059
6510.540039
6596.930176
6664.180176
6696.910156
6625.560059
6598.319824
6372.330078
6512.910156
6408.100098
6637.089844
6622.25
6583.129883
6691.25
6782.52002
6733.589844
6620.209961
6475.839844
6331.299805
6390.25
6479.279785
6248.759766
6200.709961
6251.399902
6328.160156
6371.640137
6433.609863
6289.819824
6434.959961
6376.540039
6382.310059
6392.169922
6404.52002
6320.069824
6465.209961
6490.029785
6522.870117
6502.890137
6653.379883
6635.759766
6651.529785
6675
6722.410156
6706.669922
6727.490234
6695.200195
6750.959961
6739.299805
6795.140137
6704.680176
6638.200195
6628.069824
6693.029785
6578.959961
6636.810059
6497.069824
6564.910156
6557.930176
6479.870117
6591.669922
6439.259766
6472.209961
6451.569824
6347.990234
6277.990234
6075.339844
6189.069824
6220.47998
6208.240234
6123.379883
6159.02002
6216.379883
6284.060059
6305.640137
6267.060059
6204.419922
6046.560059
5962.930176
5794.120117
5889.950195
5734.490234
5657.290039
5782.160156
5622.089844
5388.02002
5544.669922
5726.970215
5938.209961
5817.52002
5879.299805
5829.950195
5760.759766
5553.459961
5597.660156
5773.339844
5698.879883
5781.009766
5913.839844
5951.160156
6002.299805
5935.580078
6164.879883
6181.910156
6127.970215
6051.47998
6124.569824
6115.189941
6123.660156
6175.240234
6264.509766
6213.839844
6089.169922
6138.279785
6122.620117
6108.720215
6063.939941
6165.180176
6141.02002
6064.680176
6070.379883
6148.439941
6173.810059
6186.870117
6249.870117
6270.589844
6215.25
6278.899902
6223.569824
6216.830078
6120.330078
6041.220215
6123.259766
6125.169922
6177.740234
6242.129883
6192.439941
6184.25
6187.209961
6162.740234
6059.149902
6111.939941
6031.27002
5915.180176
5869.040039
5922.529785
5876.040039
5926.379883
5941.77002
5902.319824
5847.790039
5833.100098
5971.77002
6058.379883
6109.5
6056.839844
6015.720215
5999.189941
5862.100098
5869.859863
5816.319824
5801.799805
5889.879883
5928.009766
5853.759766
5846.660156
5728.370117
5829.689941
5764.060059
5791.72998
5663.259766
5582.759766
5675.759766
5754.859863
5792.189941
5861.189941
5835.22998
5777.279785
5735.879883
5746.040039
5752.509766
5614.509766
5512.279785
5433.490234
5453.77002
5520.709961
5455.439941
5361.919922
5222.120117
5207.830078
5216.109863
5220.209961
5254.040039
5387.5
5406.470215
5308.779785
5305
5162.399902
5188.169922
5094.100098
5208.100098
5048.080078
4875.370117
4730.669922
4670.129883
4369.569824
4392.399902
4115.97998
4243.680176
4194.850098
4041.800049
3809.669922
3787.22998
4038.689941
4009.120117
4095.320068
4184.5
4308.149902
4239.970215
4304.200195
4436.660156
4548.129883
4487.689941
4495.149902
4472.419922
4613.189941
4718.459961
4625.129883
4548.47998
4626.47998
4644.819824
4574.370117
4513.529785
4619.319824
4704.220215
4811.819824
4715.600098
4820.259766
4660.350098
4543.97998
4559.129883
4636.129883
4583.310059
4755.109863
4707.649902
4860.660156
4993.569824
4910.069824
4820.370117
4946.970215
4953.529785
5006.330078
5062.640137
5185.100098
5096.180176
5087.029785
5124.540039
5150.970215
5114.120117
5059.569824
4915.950195
4936.080078
4989.910156
4988.439941
5013.990234
5262.75
5271.290039
5199.029785
5124.680176
5146.450195
5062.560059
4966.049805
4909.419922
5067.990234
5039.640137
4984.689941
4934.140137
5019.009766
5117.129883
5160.100098
5167.879883
5270.290039
5318.72998
5232.220215
5236.370117
5288.209961
5228.109863
5209.970215
5065.839844
5062.040039
4984.200195
5133.399902
5122.22998
5069.740234
5045.720215
5163.029785
5170.439941
5156.629883
5159.02002
5084.52002
5052.200195
5107.609863
5097.060059
4984.47998
4936.75
4804.410156
4862.620117
4835.950195
4940
4884.779785
4935.350098
4973.77002
4862.600098
4871.759766
4764.049805
4780.240234
4850.72998
4745.580078
4863.540039
4897.75
4960.220215
5039.080078
5097.410156
5245.839844
5228.669922
5285.259766
5289.430176
5359.549805
5340.669922
5275.810059
5245.990234
5276.870117
5401.109863
5426.040039
5462.549805
5364.700195
5348.680176
5366.129883
5317.379883
5390.589844
5348
5397.290039
5311.080078
5281.839844
5254.950195
5260.529785
5180.330078
5170.25
5265.359863
5162.959961
5189.649902
5244.200195
5343.879883
5318.549805
5262.879883
5284.549805
5205.47998
5192.100098
5160.140137
5054.410156
5000.379883
5008.040039
5041.200195
4964.560059
4882.77002
4880.669922
4872.410156
5028.589844
4966.47998
4871.700195
4975.47998
5049.080078
5072.390137
5047.450195
5036.410156
4998.990234
4984.609863
4919.5
4879.5
4899.129883
4961.540039
4918.580078
4881.799805
4761.959961
4818.299805
4747.950195
4625.790039
4624.310059
4657.52002
4610.180176
4589.259766
4606.089844
4510.189941
4470.140137
4303.850098
4475.100098
4433.850098
4354.819824
4245.680176
4232.399902
4127.209961
4202.970215
4099.049805
4259.430176
4382.560059
4366.810059
4195.950195
4138.149902
4258.620117
4483.029785
4442.330078
4369.759766
4190.220215
4118.5
4130.799805
3912.51001
3977.75
4092.820068
4100.75
3891.879883
3691.429932
3515.830078
3632.659912
3520.459961
3579
3859.780029
3878.939941
3700.139893
3606.449951
3532.48999
3332.649902
3568.639893
3465.540039
3679.26001
3760.860107
3647.129883
3683.209961
3589.919922
3665.73999
3684.689941
3837.669922
3768.51001
3868.169922
3906.550049
3828.26001
3783.840088
3851.340088
3682.840088
3660.949951
3712.939941
3609.409912
3398.98999
3425.899902
3354.709961
3485.679932
3429.219971
3494.689941
3584.689941
3421.870117
3361.280029
3319.050049
3289.129883
3124.919922
3007.469971
3065.72998
2914.25
2873.209961
2962.5
3020.600098
2918.899902
2769.030029
2865.22998
2926.73999
2813.300049
2714.620117
2667.389893
2622.090088
2597.879883
2733.189941
2930.73999
2850.110107
3048.27002
3008.929932
3172.459961
3163.669922
3282.669922
3155.969971
3015.419922
3090.01001
3102.01001
3198.959961
3022.01001
3113.590088
3152.850098
3165.159912
3327.939941
3351.320068
3298.840088
3155.659912
3079.100098
3042.060059
3115.879883
3066.419922
3188.389893
3191.76001
3218.360107
3206.929932
3212.98999
3304.629883
3320.879883
3299.23999
3191.629883
3346.139893
3360.76001
3320.320068
3380.199951
3280.48999
3320.75
3224.73999
3207.530029
3065.570068
3167.98999
3196.050049
3111.879883
3077.060059
3205.290039
3139.969971
3022.689941
2961.409912
3024.219971
3000.840088
2840
2892.629883
3105.040039
3092.939941
3157.25
3112.77002
2993
3037.679932
3037.330078
3060.649902
3098.719971
3049.399902
3054.110107
2918.820068
2893.550049
2870.570068
2803.25
2811.219971
2717.820068
2643.800049
2671.360107
2706.570068
2693.780029
2747.830078
2751.98999
2632.97998
2725.879883
2649
2569.340088
2586.090088
2627
2571.25
2555.27002
2674.459961
2708.969971
2740.139893
2624.649902
2591.26001
2648.870117
2571.350098
2485.5
2450.199951
2513.219971
2547.050049
2549.649902
2501.030029
2498.02002
2437.51001
2431.659912
2329.040039
2305.300049
2202.959961
2354.310059
2403.189941
2487.120117
2584.610107
2615.219971
2604.850098
2715.060059
2548.370117
2636.100098
2579.330078
2584.050049
2520.840088
2423.870117
2450.189941
2589.350098
2569.810059
2654.070068
2808.939941
2767.790039
2734.100098
2697.100098
2733.949951
2776.780029
2834.120117
2824.679932
2899.780029
2960.959961
2974.399902
2891.620117
2838.22998
2953.919922
2908.959961
2942.040039
2986
3013.040039
3066.949951
3005.639893
2886.080078
2956.590088
2937.26001
2909.949951
2926.030029
2989.379883
2989.080078
2850.679932
2838.929932
2827.25
2865.209961
2822.830078
2828.280029
2873.600098
2919.540039
2906.709961
2982.679932
3064.560059
3026.820068
3080.02002
3039.76001
3127.459961
3094.76001
3140.340088
3178.149902
3219.469971
3168.709961
3264.5
3286.47998
3304.149902
3247.110107
3238.97998
3186.389893
3217.340088
3198.820068
3241.219971
3224.659912
3220.580078
3146.550049
3241.040039
3241.919922
3239.610107
3332.870117
3344.459961
3322.429932
3269.840088
3326.51001
3396.070068
3384.689941
3387.639893
3330.679932
3366.709961
3287
3318.149902
3304.47998
3374.820068
3356.889893
3417.77002
3428.120117
3429.030029
3487.860107
3438.889893
3405.310059
3438.360107
3375.659912
3331.889893
3332.23999
3339.580078
3381.709961
3398.889893
3452.699951
3443.929932
3507.22998
3504.530029
3501.22998
3565.469971
3549.050049
3500.090088
3455.47998
3483.080078
3492.669922
3484.580078
3571.219971
3567.199951
3647.51001
3668.669922
3607.709961
3641.530029
3594.399902
3536.870117
3566.850098
3508.060059
3516.310059
3564.75
3561.030029
3612.02002
3578.699951
3456.27002
3411.02002
3307.340088
3326.27002
3324.850098
3323.379883
3256.780029
3329.830078
3276.639893
3419
3404.909912
3355.780029
3395.330078
3481.899902
3471.25
3538.389893
3538.129883
3570.580078
3577.719971
3516.669922
3559.330078
3580.080078
3490.600098
3497.139893
3452.639893
3517.100098
3586.929932
3615.419922
3639.659912
3655.98999
3744.5
3741.709961
3717.699951
3733.929932
3782.560059
3746.23999
3729.870117
3748.340088
3765.590088
3797.399902
3674.540039
3666.280029
3652.290039
3638.040039
3642.25
3737.090088
3733.159912
3712.97998
3744.98999
3745.949951
3821.199951
3809.26001
3875.659912
3874.780029
3841.72998
3806.540039
3846.179932
3820.919922
3858.850098
3860.129883
3875.469971
3865.97998
3847.570068
3870.879883
3898.419922
3876.939941
3903.340088
3952.719971
3965.159912
4018.5
4035.899902
4035.439941
4004.399902
4045.429932
4016.179932
3995.909912
3996.219971
4055.209961
4068.75
4111.640137
4139.919922
4106.410156
4138.040039
4139.859863
4151.830078
4128.680176
4134.419922
4150.240234
4095.709961
4058.600098
4071.600098
4057.51001
4028.370117
4014.790039
4044.98999
4098.970215
4110.799805
4122.160156
4121.649902
4057.050049
4070.459961
4095.860107
4095.340088
4141.529785
4073.350098
4068.709961
3991.419922
3995.340088
4007.810059
4018.159912
4054.429932
4100.339844
4071.699951
4133.779785
4126.140137
4145.990234
4087.550049
4044.699951
3904.949951
3915.379883
3810.76001
3822.370117
3896.790039
3827.429932
3819.149902
3729.22998
3728.820068
3726.070068
3811.919922
3822.330078
3881.25
3874.040039
3856.699951
3924.850098
4007.600098
4048.600098
4022.810059
4001.159912
4013.530029
4071.419922
4012.77002
4004.610107
4033.97998
4025.070068
4061.129883
4026.149902
4059.149902
4103.620117
4125.830078
4134.100098
4065.73999
4008.909912
3985.209961
4007.649902
3990.75
4022.100098
3909.459961
3895.639893
3784.610107
3849.840088
3776.23999
3824.929932
3803.100098
3754.370117
3789.23999
3872.26001
3839.320068
3831.840088
3867.840088
3828.070068
3867.52002
3913.330078
3902.719971
3921.409912
3864.179932
3888.310059
3917.080078
3961.929932
4017.810059
4018.949951
3997.76001
4021.639893
4014.560059
3948.649902
3987.300049
4003.23999
3985.459961
3999.790039
3989.310059
3928.389893
3945.100098
4007.050049
4013.350098
4069.350098
4069.72998
4052.72998
4035.02002
3998.77002
3995.72998
3944.879883
3930.580078
3934.47998
3924.48999
3893.23999
3903.879883
3898.840088
3847.189941
3845.929932
3812.629883
3837.600098
3877.47998
3801.050049
3797.330078
3752.590088
3814.080078
3807.209961
3889.679932
3895.610107
3862.709961
3877.320068
3823.73999
3829.030029
3727.73999
3690.330078
3720.639893
3678.909912
3658.110107
3646.98999
3699.110107
3705.72998
3726.5
3722.98999
3712.610107
3772.139893
3771
3788.879883
3832.280029
3851.179932
3838.850098
3785.209961
3817.620117
3833.449951
3866.98999
3887.580078
3889.040039
3884.159912
3851.219971
3886.030029
3953.310059
3947.75
3941.75
3963.649902
3988.070068
3977.679932
3991.02002
3942.350098
3905.659912
3910.300049
3874.370117
3882.27002
3920.360107
3892.899902
3994.959961
4033.280029
4048.709961
4049.659912
4043.360107
4015.540039
4017.820068
3957.600098
3976.030029
3940.459961
3922.110107
3915.169922
3964.129883
3912.399902
3934.060059
3935.139893
3854.409912
3862.26001
3929.030029
3959.590088
3960.25
4012.639893
4037.570068
4039.040039
4041.379883
4063.580078
4068.969971
4065.330078
4089.129883
4130.810059
4143.350098
4134.339844
4117.220215
4183.410156
4178.680176
4134.890137
4123.97998
4113.370117
4125.299805
4160.350098
4154.27002
4146.97998
4126
4186.029785
4216.399902
4208.870117
4193.910156
4212.620117
4201.350098
4150.410156
4174.549805
4219.240234
4231.299805
4213.689941
4233.709961
4182.27002
4211.549805
4214.390137
4241.279785
4251.620117
4235.359863
4261.790039
4247.75
4256.080078
4291.529785
4290.5
4258.240234
4300.939941
4316.399902
4307.370117
4258.009766
4208.819824
4212.140137
4232.359863
4245.509766
4250.709961
4245.549805
4220.430176
4213.700195
4201.890137
4233.950195
4214.120117
4216.410156
4201.810059
4254.850098
4279.970215
4296.310059
4281.640137
4339.279785
4366.350098
4371.390137
4353.149902
4342.009766
4387.799805
4386.399902
4402.029785
4368.77002
4369.680176
4359.470215
4353.339844
4323.209961
4310.660156
4304.290039
4348.640137
4350.490234
4383.620117
4393.430176
4373.27002
4423.52002
4428.089844
4396.5
4375.600098
4337.680176
4360.490234
4367.299805
4387.689941
4309.109863
4315.919922
4327.180176
4296.359863
4320.689941
4317.200195
4343.600098
4351.890137
4347.52002
4348.77002
4373.529785
4341.390137
4362.609863
4379.180176
4389.52002
4400.680176
4396.089844
4372.120117
4405.689941
4402.049805
4312.25
4202.200195
4204.609863
4178.620117
4193.700195
4223.040039
4246.959961
4233.759766
4189.02002
4178.100098
4184.839844
4224.02002
4245.540039
4264.350098
4299.509766
4311.060059
4292.410156
4251.129883
4244.160156
4267.049805
4275.700195
4262.180176
4251.77002
4324.600098
4360.419922
4360.680176
4406.950195
4396.640137
4389.540039
4436.600098
4444.709961
4480.430176
4460.629883
4527.169922
4532.169922
4510.390137
4497.259766
4566.009766
4557.290039
4562.75
4586.100098
4599.209961
4591.689941
4548.419922
4579.870117
4604.569824
4586.859863
4608.109863
4619.600098
4627.47998
4566.47998
4523.819824
4557.459961
4583.629883
4586.279785
4617.069824
4623.410156
4603.649902
4615.490234
4530.180176
4597.970215
4663.379883
4653.029785
4679.890137
4699.27002
4712.899902
4719.569824
4770.540039
4784.5
4829.870117
4836.899902
4842.700195
4843.490234
4855.350098
4892.5
4886.5
4890.850098
4932.870117
4923.120117
4874.060059
4827.180176
4837.859863
4909.47998
4990.569824
4953.930176
4937.330078
4922.339844
4883.810059
4871.459961
4851.27002
4929.910156
4941.689941
4917.740234
4915.950195
4856.009766
4783.799805
4812.240234
4791.720215
4829.689941
4842.939941
4837.810059
4909.890137
4968.279785
4988.140137
4992.75
5005.930176
4989.97998
4901.879883
4911.169922
4905.97998
4986.5
4926.129883
4962.859863
4875.220215
4849.009766
4882.580078
4998.160156
4965.879883
5048.740234
5021.169922
5044.120117
5082.069824
5138.02002
5069.419922
5017.27002
5007.77002
5022.790039
5032.459961
4981.77002
4950.069824
4975.560059
4978.830078
4947.180176
4845.97998
4864.25
4838.399902
4901.790039
4872.970215
4900.790039
4806.049805
4825.640137
4929.069824
4922.549805
4954.830078
5011
4995.240234
5024.200195
5008.830078
5011.379883
5015.549805
5090.75
5092.430176
5110.609863
5081.459961
5099.720215
5123.5
5170.609863
5174.720215
5196.080078
5187.97998
5194.27002
5176.589844
5199.47998
5193.399902
5266.549805
5307.990234
5266.859863
5300.850098
5266.75
5286.75
5282.129883
5301.209961
5310.279785
5286.759766
5295.819824
5353.660156
5350.180176
5356.600098
5397.22998
5398.279785
5419.049805
5444.839844
5447.149902
5458.580078
5408.259766
5449.97998
5460.680176
5523.620117
5516.529785
5536.319824
5537.109863
5494.709961
5532.890137
5542.129883
5483.089844
5514.640137
5460.160156
5395.609863
5430.839844
5349.02002
5348.720215
5334.299805
5427.089844
5548.910156
5647.419922
5660.029785
5674.149902
5726.529785
5649.600098
5657.120117
5666.779785
5672.919922
5666.410156
5743.680176
5701.470215
5756.330078
5763.399902
5764.370117
5789.25
5795.47998
5793.950195
5801.040039
5862.060059
5857.879883
5870.790039
5915.149902
5796.040039
5866.609863
5783.490234
5721.459961
5754.060059
5739.279785
5673.359863
5732.220215
5804.919922
5855.160156
5870.879883
5898.47998
5897.790039
5882.379883
5902.790039
5911.859863
5932.310059
5947.109863
5973.140137
5912.259766
5890.629883
5914.779785
5984.189941
5970.080078
6024.049805
6013.850098
6029.200195
6031.390137
5952.919922
6003.399902
5908.470215
5901.25
5918.569824
5902.580078
5993.759766
6063.279785
6094.75
6079.089844
6078.799805
6107.120117
6067.740234
6009.890137
6051.290039
5968.959961
6039.319824
6113.290039
6127.97998
6140.720215
6118.379883
6054.720215
5916.279785
5857.029785
5851.919922
5652.720215
5666.069824
5672.279785
5546.240234
5678.490234
5587.22998
5706.060059
5788.359863
5755.02002
5622.430176
5692.859863
5707.589844
5687.040039
5621.189941
5502.810059
5543.930176
5383.279785
5464.080078
5395.549805
5292.140137
5305.990234
5422.220215
5376.009766
5439.22998
5493.609863
5503.410156
5533.419922
5529.740234
5514.629883
5459.149902
5456.870117
5581.669922
5683.310059
5712.689941
5729.009766
5625.629883
5695.470215
5681.850098
5706.319824
5616.040039
5637.819824
5527.290039
5422.220215
5416.959961
5396.850098
5539.290039
5545.819824
5451.009766
5578.049805
5565.759766
5583.100098
5659.069824
5705.419922
5681.970215
5596.740234
5680.819824
5640.029785
5723.029785
5626.669922
5651.919922
5702.810059
5630.959961
5628.370117
5692
5776.799805
5812.939941
5833.509766
5817.02002
5794.830078
5818.410156
5775.540039
5814.080078
5811.470215
5854.990234
5847.02002
5867.529785
5859.569824
5876.540039
5909.720215
5884.069824
5813.060059
5773.720215
5795.259766
5798.459961
5873.850098
5906.120117
5907.370117
5937.870117
5926.330078
5873.459961
5954.379883
5962.029785
5883.319824
5901.660156
5960.629883
5989.709961
5989.160156
6004.330078
5999.459961
5992.220215
6046.370117
6075.279785
6085.819824
6084.399902
6117.709961
6119.450195
6160.279785
6173.680176
6186.540039
6115.100098
6182.779785
6177.419922
6202.819824
6242.910156
6247.52002
6264.919922
6284.189941
6262.540039
6258.189941
6268.919922
6291.899902
6223.330078
6241.149902
6330.649902
6361.959961
6349.259766
6358.680176
6357.77002
6393.72998
6387.379883
6430.890137
6443.02002
6412.359863
6452.330078
6460.390137
6476.129883
6475.25
6411.959961
6298.169922
6281.680176
6363.799805
6309.189941
6241.129883
6295.22998
6372.799805
6369.509766
6413.029785
6427.410156
6469.419922
6476.169922
6520.77002
6552.580078
6588.830078
6597.25
6553.509766
6586.910156
6573.959961
6503.129883
6608.859863
6611.810059
6596.919922
6681.129883
6691.319824
6674.399902
6593.089844
6607.589844
6614.370117
6566.560059
6687.299805
6705.169922
6731.740234
6716.819824
6701.700195
6689.620117
6747.169922
6687.310059
6678.930176
6748.370117
6719.580078
6690.339844
6726.009766
6788.22998
6789.109863
6851.279785
6885.759766
6874.060059
6875.700195
6915.560059
6876.72998
6911.109863
6859.450195
6895.339844
6961.180176
6958.620117
6957.069824
6987.080078
6982.910156
6941.660156
6973.72998
6992.580078
7027.589844
6819.649902
6715.439941
6640.240234
6603.319824
6534.569824
6595
6617.75
6713.22998
6716.52002
6715.490234
6623.990234
6447.700195
6585.470215
6579.870117
6671.410156
6700.290039
6712.060059
6856.959961
6899.060059
6828.819824
6858.339844
6816.890137
6897.080078
6917.029785
6937.169922
7045.560059
7073.910156
7099.910156
7166.669922
7152.830078
7142.950195
7212.069824
7338.060059
7348.830078
7282.339844
7242.72998
7342.540039
7335.620117
7270.319824
7343.080078
7387.02002
7378.120117
7408.870117
7455.930176
7476.689941
7516.759766
7525.689941
7442.200195
7475.990234
7415.330078
7479.339844
7459.609863
7505.350098
7481.25
7499.5
7607.540039
7619.310059
7659.390137
7735.879883
7697.379883
7739.200195
7781.040039
7764.970215
7883.040039
7987.850098
7976.790039
7919.830078
7730.049805
7618.609863
7590.5
7706.100098
7678.259766
7680.759766
7849.160156
8030.640137
8036.120117
8033.52002
8090.490234
7964.709961
7949.629883
7930.609863
7860.52002
7801.22998
7921.359863
8007.319824
7958.240234
8050.680176
8075.259766
7987.129883
8048.319824
8077.390137
7964.759766
7898.540039
8053.430176
8092.77002
8105.689941
8038.209961
7893.609863
7991.209961
7874.850098
7944.209961
7806.790039
7692.549805
7508.959961
7451.680176
7456.310059
7584.140137
7473.930176
7534.129883
7435.669922
7444.450195
7513.660156
7605.939941
7453.589844
7343.259766
7474.330078
7425.069824
7445.899902
7270.069824
7378.290039
7407.529785
7424.75
7500.47998
7511.959961
7507.27002
7485.990234
7430.240234
7439.180176
7519.939941
7638.169922
7648.580078
7721.77002
7588.029785
7621.720215
7436.629883
7375.439941
7457.899902
7472.990234
7535.970215
7497.740234
7479.850098
7575.209961
7750.839844
7735.089844
7794.430176
7787.919922
7769.439941
7804.149902
7853.790039
7861.509766
7922.419922
7946.790039
7955.299805
7944.990234
8002.180176
7974.370117
7980.439941
7986.569824
8033.689941
8041.259766
7969.470215
7962.640137
7985.410156
7921.399902
7884.120117
7794.939941
7842.790039
7828.959961
7932.439941
7949.169922
8009.669922
7977.939941
8019.220215
7880.850098
7849.490234
7807.549805
7827.189941
7799.620117
7819.470215
7812.399902
7806.839844
7777.560059
7783.109863
7667.029785
7612.259766
7511.970215
7630.310059
7518.419922
7562.100098
7608.959961
7567.359863
7531.350098
7723.660156
7765.189941
7870.52002
7837.259766
7808.939941
7944.77002
7940.580078
7994.069824
8033.359863
8009.419922
8076.120117
7928.310059
7948.359863
7825.439941