1852.089966
1841.420044
1846.380005
1849.130005
1838.880005
1810.430054
1808.430054
1771.209961
1789.079956
1771.310059
1748.469971
1774.800049
1821.01001
1824.920044
1805.98999
1811.599976
1804.939941
1814.97998
1770.150024
1744.349976
1715.060059
1738.530029
1753.550049
1730.290039
1729.76001
1766.339966
1801.76001
1813.609985
1802.819946
1803.880005
1792.349976
1762.75
1747.199951
1756.089966
1757.040039
1772.050049
1798.27002
1813.290039
1799.75
1770.780029
1777.869995
1809.910034
1840.569946
1832.530029
1847.02002
1830.52002
1832.430054
1843.420044
1823.76001
1826.400024
1822.810059
1828.829956
1838.449951
1838.880005
1830.73999
1861.609985
1872.290039
1884.130005
1904.430054
1900.209961
1893.439941
1898.829956
1886.569946
1905.910034
1903.910034
1889.630005
1884.449951
1905.280029
1906.969971
1906.660034
1912.469971
1903.380005
1909.619995
1897.77002
1899.569946
1908.449951
1888.680054
1865.310059
1860.449951
1830
1825.130005
1807.790039
1823.22998
1826.930054
1810.329956
1815.51001
1829.26001
1892.48999
1912.469971
1907.290039
1894.810059
1904.959961
1931.189941
1939.01001
1939.959961
1938.900024
1966.930054
1983.530029
1981.52002
2011.969971
2028.98999
2065.899902
2059.129883
2073.51001
2123.72998
2108.719971
2127.219971
2103.330078
2128.389893
2129.550049
2106.919922
2107.030029
2111.050049
2120.030029
2095.919922
2122.570068
2122.149902
2140.02002
2136.73999
2175.439941
2173.219971
2171.419922
2167.090088
2157.459961
2141.070068
2163.389893
2160
2157.889893
2149.75
2121.719971
2128.600098
2123.100098
2126.689941
2140.02002
2173.429932
2171
2170.790039
2150.800049
2193.199951
2192.98999
2196.47998
2174.590088
2190.560059
2164.870117
2161.47998
2184.959961
2200.179932
2205.570068
2238.560059
2254.429932
2244.379883
2222.919922
2203.459961
2206.530029
2211.709961
2194.050049
2191.620117
2163.600098
2171.530029
2199.649902
2202.090088
2203.570068
2199.22998
2185.060059
2190.139893
2214.98999
2176.810059
2181.149902
2153.550049
2136.949951
2157.459961
2158.629883
2157.780029
2173.959961
2177.550049
2172.370117
2185.169922
2208.540039
2214.030029
2236.340088
2252.100098
2243.530029
2242.159912
2229.790039
2223.02002
2201.340088
2196.590088
2208.110107
2184.320068
2189.610107
2213.5
2203.350098
2195.419922
2175.860107
2176.810059
2187.389893
2151.75
2148.689941
2152.179932
2166.97998
2151.439941
2185.27002
2183.689941
2162.01001
2166.77002
2185.909912
2177.97998
2176.810059
2183.899902
2201.030029
2214.030029
2211.179932
2210.860107
2232.01001
2227.139893
2219.949951
2201.659912
2196.060059
2207.580078
2207.580078
2218.899902
2237.820068
2245.22998
2241.310059
2241.949951
2230.949951
2259.709961
2260.129883
2254.639893
2243.429932
2247.22998
2256.01001
2258.870117
2256.219971
2237.610107
2187.070068
2202.189941
2261.620117
2266.370117
2281.280029
2279.800049
2276.100098
2296.300049
2295.77002
2291.219971
2274.72998
2262.25
2257.169922
2257.600098
2253.679932
2231.060059
2233.280029
2246.070068
2226.620117
2237.929932
2236.77002
2244.060059
2249.459961
2251.98999
2241.840088
2251.149902
2247.22998
2246.280029
2243.850098
2255.800049
2262.879883
2258.550049
2238.780029
2222.810059
2211.600098
2218.26001
2198.810059
2215.72998
2221.219971
2247.659912
2272.290039
2284.449951
2281.810059
2285.51001
2272.080078
2261.399902
2260.77002
2245.01001
2239.72998
2267.429932
2279.47998
2289
2289.639893
2284.030029
2277.899902
2269.969971
2276.52002
2295.97998
2292.600098
2295.23999
2315.649902
2319.560059
2317.969971
2240.780029
2252.52002
2219.530029
2214.459961
2222.699951
2201.030029
2194.790039
2207.47998
2201.659912
2196.689941
2227.360107
2226.300049
2221.860107
2209.48999
2217.72998
2212.129883
2208.429932
2204.939941
2225.139893
2240.570068
2242.47998
2233.280029
2235.709961
2230.110107
2253.580078
2306.449951
2322.52002
2353.820068
2365.870117
2413.139893
2426.040039
2423.179932
2435.659912
2430.370117
2428.679932
2434.389893
2434.389893
2420.860107
2415.780029
2448.560059
2451.409912
2437.77002
2441.370117
2428.469971
2407
2433.969971
2420.219971
2423.179932
2420.75
2420.860107
2396.429932
2404.149902
2391.780029
2396.110107
2419.159912
2420.01001
2420.959961
2407.110107
2420.639893
2420.75
2437.669922
2418.530029
2412.5
2385.959961
2388.080078
2417.149902
2405.100098
2406.790039
2396.850098
2423.820068
2418.73999
2413.030029
2412.929932
2415.360107
2396.639893
2378.23999
2366.300049
2370.100098
2379.300049
2363.76001
2361.110107
2371.689941
2373.169922
2389.77002
2389.030029
2392.310059
2399.810059
2393.790039
2388.5
2383.209961
2384.27002
2361.219971
2357.840088
2360.590088
2362.379883
2342.189941
2345.889893
2366.300049
2326.219971
2304.22998
2337.850098
2360.800049
2370.209961
2403.51001
2422.969971
2420.330078
2387.22998
2386.48999
2383.530029
2391.350098
2380.360107
2378.449951
2380.360107
2395.800049
2413.97998
2402.350098
2425.830078
2426.669922
2427.310059
2422.22998
2435.449951
2436.929932
2426.139893
2426.040039
2407.850098
2392.939941
2406.47998
2424.77002
2420.75
2405.209961
2412.929932
2398.76001
2401.820068
2423.919922
2420.01001
2430.899902
2412.929932
2417.679932
2409.75
2409.540039
2407.73999
2389.129883
2372.320068
2380.149902
2384.47998
2385.649902
2376.129883
2341.550049
2332.669922
2346.949951
2342.719971
2347.26001
2345.360107
2342.399902
2343.97998
2373.169922
2372
2397.590088
2394
2404.889893
2380.679932
2384.27002
2406.050049
2409.540039
2411.22998
2426.780029
2423.5
2426.570068
2416.199951
2405.629883
2405.209961
2391.040039
2396.639893
2394.73999
2394.949951
2427.090088
2452.580078
2462.52002
2465.27002
2470.659912
2467.800049
2456.169922
2447.820068
2440.310059
2441.050049
2438.409912
2431.850098
2431.429932
2443.169922
2448.879883
2452.050049
2436.290039
2435.97998
2417.26001
2393.26001
2394.629883
2405.310059
2407.959961
2415.360107
2411.129883
2421.600098
2432.060059
2433.22998
2429.310059
2414.719971
2422.439941
2440.209961
2440.419922
2471.399902
2442.949951
2443.27002
2442.209961
2457.22998
2451.939941
2426.459961
2425.830078
2431.75
2407.959961
2418.209961
2420.330078
2426.25
2418.530029
2387.649902
2370
2369.469971
2356.25
2375.070068
2348.530029
2371.47998
2382.370117
2383.209961
2384.800049
2394.320068
2413.350098
2416.939941
2417.149902
2411.870117
2409.01001
2429.629883
2432.060059
2441.580078
2446.969971
2437.98999
2458.179932
2445.070068
2429.73999
2435.870117
2432.909912
2438.620117
2438.939941
2459.23999
2461.879883
2459.870117
2450.780029
2443.47998
2462.300049
2466.320068
2482.5
2475.419922
2487.679932
2496.780029
2503.01001
2510.72998
2508.090088
2503.219971
2503.439941
2514.120117
2530.929932
2540.22998
2531.77002
2526.800049
2523.209961
2518.23999
2516.76001
2508.719971
2528.389893
2559.689941
2555.879883
2555.459961
2548.27002
2550.699951
2548.370117
2544.669922
2549.959961
2539.919922
2536.429932
2529.77002
2528.709961
2508.719971
2497.620117
2506.929932
2508.090088
2517.820068
2533.469971
2542.669922
2541.179932
2534.100098
2525.959961
2535.790039
2542.030029
2563.810059
2564.449951
2553.030029
2555.669922
2558
2577.97998
2579.780029
2605.899902
2622.070068
2618.060059
2612.449951
2596.27002
2600.399902
2608.75
2593.73999
2532.300049
2524.370117
2517.389893
2529.97998
2532.620117
2531.030029
2564.129883
2573.429932
2580.840088
2577.449951
2606.850098
2616.050049
2606.73999
2601.030029
2645.02002
2645.649902
2657.810059
2645.550049
2623.97998
2632.540039
2630.850098
2615.199951
2634.129883
2624.189941
2615.310059
2614.459961
2610.76001
2625.77002
2612.449951
2627.360107
2634.76001
2637.300049
2630.110107
2582
2584.219971
2575.969971
2583.370117
2578.300049
2610.76001
2620.699951
2619.429932
2615.840088
2619.540039
2611.919922
2598.179932
2591.300049
2570.26001
2557.26001
2536.73999
2558.100098
2557.790039
2563.919922
2574.280029
2585.699951
2593
2598.179932
2592.889893
2587.179932
2590.879883
2599.870117
2601.77002
2572.27002
2573.01001
2575.550049
2575.02002
2610.22998
2626.72998
2603.98999
2612.449951
2619.110107
2642.379883
2637.409912
2628.629883
2646.389893
2646.290039
2639.100098
2624.610107
2609.600098
2592.149902
2598.709961
2596.169922
2603.679932
2605.580078
2600.290039
2607.47998
2613.929932
2589.929932
2603.149902
2602.090088
2589.719971
2607.47998
2613.830078
2638.360107
2633.48999
2633.919922
2629.050049
2612.97998
2591.300049
2597.75
2625.77002
2624.290039
2629.050049
2626.300049
2636.560059
2632.439941
2616.469971
2615.199951
2619.219971
2618.060059
2603.889893
2616.580078
2629.47998
2625.879883
2620.800049
2636.449951
2627.469971
2638.459961
2635.5
2632.120117
2628
2631.909912
2644.280029
2639.52002
2643.330078
2634.659912
2640.26001
2649.350098
2656.860107
2673.780029
2677.590088
2677.800049
2674.199951
2697.889893
2700
2705.080078
2700.530029
2707.300049
2716.179932
2716.179932
2708.040039
2709.199951
2691.969971
2676.850098
2682.97998
2706.129883
2707.51001
2695.97998
2703.389893
2695.669922
2692.709961
2672.719971
2660.23999
2678.01001
2687.100098
2687.629883
2709.100098
2708.570068
2702.649902
2698.72998
2709.939941
2710.580078
2711.100098
2709.620117
2700.949951
2704.870117
2710.050049
2713.959961
2714.810059
2739.870117
2754.25
2749.169922
2733.939941
2730.97998
2727.070068
2718.080078
2720.939941
2720.300049
2722.310059
2738.48999
2742.610107
2748.540039
2743.570068
2712.159912
2680.120117
2687.840088
2693.340088
2695.97998
2712.899902
2707.719971
2723.47998
2713.01001
2725.909912
2715.439941
2708.98999
2701.909912
2677.800049
2688.27002
2697.679932
2702.75
2697.040039
2694.080078
2699.159912
2705.179932
2714.699951
2724.320068
2727.810059
2727.709961
2717.449951
2716.709961
2723.689941
2708.879883
2700.850098
2708.459961
2725.800049
2723.689941
2718.929932
2729.610107
2733.199951
2749.909912
2754.459961
2756.25
2746.73999
2739.439941
2730.879883
2737.219971
2741.870117
2738.600098
2752.77002
2778.350098
2773.070068
2774.22998
2767.459961
2779.830078
2773.600098
2778.350098
2780.360107
2783.320068
2782.159912
2767.669922
2761.120117
2773.070068
2795.47998
2806.47998
2824.23999
2817.26001
2830.689941
2825.090088
2761.959961
2770.419922
2769.889893
2779.830078
2760.169922
2763.02002
2762.48999
2774.120117
2776.129883
2763.76001
2747.800049
2764.820068
2761.120117
2725.379883
2734.050049
2741.030029
2726.01001
2722.419922
2714.070068
2724.850098
2739.340088
2733.100098
2736.27002
2719.77002
2733.629883
2738.699951
2738.48999
2752.77002
2760.909912
2763.439941
2748.219971
2751.709961
2752.129883
2727.600098
2709.939941
2701.590088
2657.179932
2615.310059
2612.350098
2570.899902
2626.620117
2629.26001
2645.76001
2625.350098
2637.620117
2625.98999
2616.580078
2617.629883
2618.689941
2597.969971
2594.47998
2586.969971
2624.189941
2621.76001
2648.399902
2647.77002
2634.22998
2647.23999
2658.23999
2657.810059
2651.360107
2648.610107
2627.25
2594.050049
2611.080078
2585.379883
2596.379883
2598.600098
2598.810059
2623.659912
2651.149902
2666.27002
2660.139893
2651.679932
2658.23999
2665.209961
2671.030029
2672.929932
2667.120117
2673.570068
2676
2689.320068
2687.530029
2682.560059
2676
2676.110107
2681.389893
2683.189941
2697.360107
2687.209961
2696.199951
2678.219971
2658.23999
2633.919922
2643.120117
2625.350098
2585.810059
2605.899902
2599.02002
2608.75
2592.26001
2604.72998
2606.530029
2606.850098
2617.73999
2623.449951
2617
2616.679932
2620.699951
2649.350098
2654.639893
2658.659912
2652.840088
2640.26001
2644.070068
2645.969971
2651.050049
2645.969971
2641.73999
2649.780029
2671.139893
2686.26001
2687.310059
2691.860107
2678.01001
2669.870117
2675.050049
2674.72998
2687.840088
2678.429932
2693.870117
2691.22998
2709.52002
2711.100098
2701.47998
2704.870117
2699.159912
2711.530029
2734.469971
2729.929932
2757.840088
2762.699951
2771.370117
2770.209961
2759.530029
2748.429932
2750.330078
2746.840088
2757.840088
2732.040039
2720.830078
2726.330078
2733.100098
2764.179932
2746.73999
2745.26001
2705.919922
2693.22998
2691.22998
2683.719971
2689.850098
2694.929932
2710.790039
2697.889893
2701.800049
2695.669922
2658.870117
2647.23999
2642.689941
2657.5
2676.629883
2710.889893
2710.580078
2722
2727.919922
2727.600098
2720.090088
2731.409912
2712.580078
2702.540039
2680.439941
2680.550049
2684.780029
2702.330078
2743.139893
2735.320068
2714.699951
2706.659912
2713.850098
2687.949951
2688.790039
2699.26001
2696.409912
2689.429932
2677.800049
2694.610107
2691.22998
2693.22998
2680.330078
2667.75
2649.570068
2604.52002
2603.040039
2618.060059
2627.149902
2631.800049
2626.620117
2601.560059
2622.389893
2623.129883
2620.699951
2610.129883
2577.879883
2581.790039
2593.310059
2598.179932
2625.77002
2632.439941
2649.139893
2643.860107
2641.320068
2653.370117
2650.939941
2653.47998
2664.469971
2657.070068
2658.659912
2653.370117
2651.149902
2658.870117
2658.129883
2660.23999
2660.139893
2661.300049
2661.620117
2661.620117
2685.199951
2704.870117
2709.52002
2706.560059
2689.75
2679.169922
2680.120117
2682.560059
2690.060059
2695.459961
2705.709961
2695.23999
2706.129883
2706.879883
2719.350098
2753.820068
2767.669922
2766.51001
2766.830078
2761.959961
2768.199951
2768.72998
2771.689941
2782.899902
2783.75
2768.52002
2770.110107
2781.310059
2794
2800.560059
2777.51001
2798.340088
2788.929932
2784.699951
2783.959961
2782.050049
2762.389893
2766.090088
2766.189941
2800.23999
2803.840088
2818.219971
2814.199951
2832.909912
2832.070068
2834.290039
2829.320068
2831.649902
2832.909912
2860.189941
2873.090088
2875.209961
2874.360107
2874.26001
2865.899902
2870.659912
2889.689941
2891.699951
2894.879883
2894.350098
2896.98999
2889.689941
2897.629883
2907.780029
2892.340088
2886.949951
2883.669922
2887.580078
2905.23999
2927.22998
2922.469971
2923.530029
2927.550049
2932.199951
2930.399902
2933.469971
2960.01001
2959.689941
2959.590088
2978.409912
2979.040039
2986.129883
2986.659912
2991.310059
3003.050049
3005.790039
2997.860107
2958.530029
2955.25
2976.719971
3000.820068
3002.72998
3002.199951
2977.350098
2980.419922
3028.73999
3031.810059
3029.689941
3045.76001
3047.669922
3034.23999
3028.850098
3003.469971
3019.429932
3047.139893
3048.939941
3053.27002
3065.959961
3089.429932
3084.98999
3083.409912
3118.51001
3110.469971
3082.030029
3074.310059
3084.149902
3079.699951
3085.840088
3098
3100.320068
3134.370117
3147.909912
3151.290039
3142.409912
3171.379883
3169.899902
3160.48999
3172.219971
3154.98999
3118.300049
3133.629883
3136.909912
3150.870117
3171.27002
3174.969971
3194.639893
3186.709961
3186.080078
3175.080078
3173.810059
3171.379883
3171.169922
3177.830078
3178.360107
3172.75
3164.189941
3148.540039
3169.47998
3163.97998
3170.429932
3168.209961
3169.899902
3171.169922
3173.810059
3161.649902
3165.25
3181.110107
3179.419922
3182.27002
3186.919922
3193.27002
3206.27002
3229.959961
3239.689941
3238.209961
3250.26001
3255.550049
3270.879883
3281.870117
3306.929932
3309.580078
3304.929932
3310.73999
3323.639893
3306.51001
3297.73999
3296.469971
3297.100098
3291.810059
3312.639893
3312.330078
3299.850098
3299.959961
3296.25
3299.110107
3303.02002
3281.560059
3271.620117
3283.25
3302.919922
3316.449951
3309.469971
3321.209961
3323.219971
3334.850098
3318.350098
3302.389893
3308.52002
3285.360107
3252.060059
3263.370117
3279.340088
3273.72998
3288.639893
3316.870117
3323.01001
3316.129883
3309.469971
3336.540039
3340.97998
3338.969971
3337.389893
3325.02002
3346.27002
3367.52002
3384.860107
3372.169922
3386.030029
3380.530029
3387.820068
3396.600098
3415.209961
3425.780029
3421.550049
3430.439941
3463.949951
3487.110107
3498.110107
3476.330078
3478.969971
3491.129883
3487.219971
3501.699951
3479.810059
3475.159912
3422.290039
3443.969971
3421.76001
3442.909912
3450.73999
3464.379883
3469.560059
3471.879883
3484.149902
3507.409912
3517.139893
3496.939941
3491.22998
3502.649902
3462.689941
3398.5
3418.280029
3414.790039
3407.810059
3445.23999
3439.530029
3448.620117
3466.699951
3475.590088
3473.790039
3507.52002
3495.149902
3519.360107
3533.73999
3566.310059
3595.389893
3608.070068
3596.02002
3618.969971
3644.550049
3661.889893
3691.820068
3694.879883
3718.780029
3714.449951
3693.929932
3677.120117
3660.52002
3619.070068
3654.919922
3709.790039
3710.75
3668.560059
3654.179932
3643.919922
3624.669922
3649.840088
3688.860107
3708.73999
3695.310059
3702.290039
3592.320068
3624.149902
3609.77002
3614.73999
3631.02002
3630.909912
3687.909912
3685.469971
3681.77002
3680.290039
3687.800049
3687.800049
3701.120117
3680.610107
3682.620117
3668.23999
3710.75
3717.719971
3719.939941
3721.110107
3654.810059
3649.310059
3604.899902
3588.51001
3620.550049
3650.050049
3661.469971
3643.280029
3652.060059
3662.73999
3677.75
3696.580078
3689.810059
3703.870117
3709.47998
3713.919922
3713.919922
3716.97998
3660.72998
3652.169922
3645.189941
3630.280029
3658.300049
3664.959961
3701.02002
3746.590088
3769.75
3771.02002
3768.580078
3793.639893
3818.070068
3817.649902
3845.560059
3832.23999
3846.090088
3812.040039
3790.050049
3809.080078
3794.169922
3788.25
3815
3842.280029
3818.169922
3812.98999
3808.340088
3801.780029
3792.590088
3786.23999
3776.939941
3773.97998
3759.810059
3757.060059
3753.25
3775.030029
3785.5
3785.709961
3762.870117
3780.949951
3798.080078
3824.52002
3817.219971
3810.459961
3735.060059
3704.300049
3717.409912
3719.310059
3665.280029
3667.389893
3581.01001
3561.22998
3596.129883
3648.98999
3625.840088
3597.389893
3564.830078
3553.51001
3577.830078
3604.27002
3580.689941
3598.870117
3623.620117
3677.330078
3741.72998
3730.52002
3739.399902
3747.649902
3742.149902
3737.179932
3755.050049
3728.51001
3739.290039
3745.429932
3763.830078
3771.02002
3770.699951
3765.409912
3793.01001
3777.25
3763.080078
3776.409912
3772.600098
3736.330078
3711.27002
3719.419922
3725.870117
3697
3729.040039
3767.209961
3769.429932
3785.399902
3803.689941
3845.669922
3863.850098
3853.379883
3842.919922
3848.199951
3867.550049
3864.800049
3861.840088
3862.580078
3869.879883
3872.840088
3884.050049
3893.040039
3917.98999
3913.76001
3956.27002
3962.399902
3949.389893
3926.550049
3915.97998
3942.840088
3957.01001
3950.350098
3960.179932
3980.060059
4000.25
3996.02002
3978.050049
3974.77002
3952.25
3946.75
3922.639893
3945.379883
3941.040039
3959.860107
3951.189941
3965.889893
4001.419922
4055.550049
4069.929932
4084.840088
4090.23999
4083.360107
4091.080078
4113.290039
4123.970215
4122.700195
4142.790039
4153.359863
4147.549805
4173.029785
4217.439941
4208.129883
4202.850098
4212.890137
4209.830078
4175.040039
4157.910156
4152.830078
4125.339844
4173.350098
4164.990234
4118.890137
4063.379883
4061.050049
4027.01001
4047.310059
4072.679932
4146.589844
4167.209961
4158.540039
4176.620117
4198.509766
4209.399902
4202.209961
4148.069824
4118.790039
4166.680176
4169.009766
4196.709961
4179.27002
4214.47998
4237.529785
4237
4283.100098
4282.779785
4294.200195
4327.930176
4327.930176
4351.830078
4364.839844
4326.240234
4287.75
4258.890137
4259.72998
4293.890137
4347.919922
4356.169922
4361.450195
4370.549805
4321.910156
4334.069824
4375.410156
4360.080078
4378.47998
4439.700195
4487.700195
4477.759766
4515.720215
4499.859863
4452.490234
4451.649902
4488.339844
4499.439941
4463.589844
4418.660156
4393.490234
4412.839844
4395.290039
4448.049805
4443.5
4481.459961
4522.379883
4515.620117
4478.399902
4397.299805
4416.649902
4423.72998
4392.330078
4373.189941
4354.049805
4364.839844
4398.669922
4392.430176
4392.009766
4308.060059
4214.160156
4227.379883
4180.540039
4170.279785
4208.560059
4236.680176
4253.919922
4232.560059
4222.72998
4118.149902
4139.509766
4204.330078
4248
4236.370117
4257.410156
4223.149902
4291.240234
4279.290039
4267.77002
4233.509766
4268.509766
4373.509766
4408.609863
4395.609863
4472.370117
4561.819824
4554.850098
4493.310059
4513.930176
4538.560059
4605.600098
4588.680176
4605.919922
4627.589844
4572.5
4590.47998
4622.839844
4612.370117
4595.97998
4655.399902
4659.529785
4648.850098
4640.390137
4671.259766
4668.72998
4677.399902
4654.339844
4669.779785
4738.410156
4759.97998
4776.790039
4795.189941
4870.680176
4918.580078
4916.890137
4917.740234
4899.970215
4945.970215
4946.810059
4847.950195
4929.160156
4894.580078
4873.75
4898.810059
4889.720215
4927.459961
4987.72998
5050.859863
5028.339844
5059.419922
5001.689941
5035.950195
5055.509766
5055.410156
5085.859863
5130.799805
5106.689941
5032.779785
5017.240234
5116.52002
5133.649902
5152.680176
5147.290039
5138.089844
5164.529785
5218.879883
5228.709961
5191.490234
5201.540039
5212.430176
5255.140137
5208.830078
5115.470215
5130.47998
5083.430176
5058.680176
5071.799805
4960.140137
5007.189941
5070.529785
5135.660156
5072.850098
5064.080078
5054.560059
5026.330078
5033.620117
4994.609863
4974.72998
5106.049805
5114.620117
5129.419922
5124.450195
5136.509766
5146.129883
5082.049805
5044.299805
5110.279785
5102.879883
5220.149902
5215.069824
5238.330078
5250.490234
5277.97998
5254.620117
5226.279785
5197.200195
5236.109863
5276.080078
5257.580078
5298.279785
5323.129883
5347.029785
5389.430176
5437.120117
5388.060059
5373.149902
5359.299805
5365.109863
5377.47998
5359.720215
5311.180176
5250.600098
5310.759766
5394.609863
5379.910156
5281.470215
5242.029785
4897.859863
5103.52002
5106.370117
5031.299805
5087.439941
5208.939941
5224.060059
5242.140137
5220.779785
5152.470215
5126.879883
5135.240234
5042.930176
5082.689941
5139.470215
5232.72998
5193.609863
5222.370117
5292.580078
5317
5235.47998
5254.930176
5258.419922
5277.350098
5368.600098
5367.649902
5394.189941
5386.680176
5438.180176
5428.97998
5401.700195
5368.279785
5291.310059
5286.870117
5330.430176
5358.240234
5356.549805
5304.72998
5259.27002
5291.939941
5232.410156
5205.660156
5219.189941
5302.620117
5395.560059
5405.189941
5415.339844
5421.890137
5364.370117
5352.209961
5304.209961
5154.379883
5198.149902
5263.069824
5301.140137
5265.189941
5325.669922
5412.899902
5370.399902
5326.939941
5294.060059
5289.830078
5341.850098
5384.359863
5425.700195
5399.259766
5505.950195
5530.060059
5536.189941
5529.740234
5565.060059
5561.470215
5603.649902
5612.009766
5631.669922
5617.609863
5633.580078
5680.529785
5657.049805
5683.27002
5693
5655.040039
5713.830078
5745.660156
5754.859863
5758.77002
5782.669922
5756.970215
5713.089844
5811.75
5809.629883
5868.419922
5892.740234
5899.080078
5891.370117
5941.799805
5953.959961
5980.709961
5999.319824
6054.620117
6032.740234
6079.470215
6056.209961
6050.390137
6024.910156
6015.290039
6056.419922
6094.799805
6154.330078
6165.330078
6166.279785
6108.970215
6065.939941
6115.319824
6109.180176
6146.620117
6162.049805
6100.089844
6176.220215
6175.160156
6183.52002
6192.189941
6138.580078
6074.290039
5953.540039
5958.930176
6009.049805
6104.950195
6152.959961
6161.629883
6130.120117
6075.350098
6029.350098
6087.509766
6082.75
6114.580078
6124.299805
6114.890137
6073.549805
6049.02002
6068.47998
6118.279785
6099.990234
6077.569824
5987.47998
5962.839844
5996.359863
5977.120117
5975.640137
5977.859863
5936.410156
5988.430176
6083.810059
6099.140137
6106.330078
6073.22998
5979.439941
5991.819824
5867.259766
5909.870117
6012.75
6000.490234
5962.740234
5972.890137
6044.259766
6102.950195
6091.950195
6106.649902
6134.560059
6119.339844
6191.97998
6194.089844
6247.169922
6235.959961
6284.5
6240.930176
6261.549805
6253.52002
6318.970215
6296.549805
6344.129883
6352.169922
6335.890137
6245.589844
6225.919922
6097.660156
6093.850098
6105.589844
6021.629883
5999.75
6082.640137
5977.009766
5930.700195
5724.189941
5752.220215
5792.290039
5810.259766
5770.299805
5688.140137
5767.549805
5721.02002
5664.450195
5752
5837.02002
5816.080078
5775.580078
5718.47998
5749.149902
5762.790039
5705.160156
5485.859863
5415.02002
5081.72998
5243.830078
5230.080078
5179.959961
5142.109863
5377.689941
5292.890137
5157.549805
5287.180176
5394.819824
5434.049805
5477.720215
5353.589844
5366.589844
5365.430176
5398.950195
5571.830078
5462.279785
5452.660156
5477.509766
5480.149902
5334.129883
5183.450195
5267.410156
5206.930176
5197.089844
5124.879883
5045.779785
5146.22998
5212.319824
5203.759766
5254.930176
5460.910156
5522.029785
5556.5
5585.890137
5597.72998
5635.799805
5602.169922
5604.080078
5580.390137
5579.22998
5670.799805
5745.240234
5828.660156
5834.580078
5869.899902
5944.339844
5975.220215
5912.200195
5894.009766
5851.080078
5842.620117
5880.790039
5924.25
5932.069824
5957.870117
5992.660156
6049.02002
6156.549805
6129.490234
6143.759766
6164.47998
6042.890137
6062.240234
6045.950195
5957.77002
6063.930176
6104.529785
6079.049805
6077.669922
5985.580078
5972.25
5863.450195
5950.259766
5951.850098
6028.609863
6048.910156
6108.439941
6119.549805
6227.399902
6228.669922
6228.029785
6313.049805
6283.649902
6299.930176
6282.060059
6343.290039
6460.660156
6441.410156
6461.180176
6386.959961
6287.029785
6246.109863
6144.080078
6274.350098
6289.569824
6302.899902
6217.669922
6172.419922
6196.839844
6253.830078
6218.200195
6295.600098
6348.890137
6317.379883
6281.850098
6329.220215
6249.600098
6209.850098
6202.970215
6097.02002
6118.069824
6235.75
6148.200195
6203.919922
6136.459961
6201.069824
6202.129883
6346.669922
6323.299805
6255.100098
6211.330078
6201.069824
6190.180176
6163.850098
6159.72998
6246.430176
6377.439941
6387.589844
6375.220215
6412.759766
6467.629883
6466.259766
6505.169922
6493.120117
6456.850098
6530.439941
6457.169922
6455.160156
6296.129883
6308.180176
6395.629883
6369.089844
6483.390137
6435.700195
6382.200195
6397
6498.930176
6474.509766
6515.850098
6600.970215
6625.390137
6694.549805
6679.109863
6615.669922
6586.27002
6607.52002
6512.149902
6564.589844
6700.680176
6777.439941
6759.790039
6754.819824
6801.759766
6770.569824
6746.990234
6706.919922
6811.390137
6725.950195
6772.899902
6727.220215
6780.299805
6760.209961
6828.200195
6848.390137
6887.200195
6750.799805
6734.620117
6705.75
6762.319824
6761.049805
6734.089844
6619.680176
6527.589844
6606.890137
6492.47998
6579.609863
6569.25
6561
6600.120117
6709.240234
6734.830078
6669.589844
6653.839844
6585.850098
6550.430176
6551.47998
6579.819824
6684.399902
6725.629883
6730.709961
6734.830078
6694.330078
6669.379883
6597.689941
6591.029785
6649.709961
6745.930176
6853.149902
6886.990234
6927.060059
6923.359863
6941.339844
6915.75
6954.129883
6934.149902
6911.410156
6924.740234
6986.589844
7011.649902
6963.540039
6844.060059
6846.279785
6786.009766
6755.240234
6723.839844
6774.47998
6771.419922
6670.02002
6619.899902
6612.180176
6581.089844
6497.129883
6528.120117
6460.970215
6454.839844
6379.870117
6452.299805
6456.640137
6570.299805
6586.27002
6647.810059
6594.310059
6559.52002
6620.109863
6712.310059
6702.47998
6766.759766
6686.189941
6616.089844
6504.220215
6474.609863
6527.060059
6464.040039
6617.990234
6594.939941
6575.490234
6576.75
6586.379883
6564.279785
6504.009766
6433.799805
6421.640137
6482.75
6472.180176
6354.709961
6356.5
6248.859863
6233.640137
6255.629883
6239.350098
6198.740234
6268
6264.720215
6350.47998
6336.839844
6448.919922
6414.129883
6487.089844
6485.189941
6379.97998
6260.600098
6252.560059
6092.27002
6128.75
6186.160156
6278.580078
6252.140137
6356.5
6315.799805
6251.609863
6324.569824
6536.149902
6613.549805
6573.899902
6539.430176
6571.149902
6605.620117
6633.540039
6665.359863
6619.049805
6651.089844
6655
6731.97998
6738.740234
6847.759766
6814.879883
6861.290039
6831.899902
6816.25
6736.950195
6763.279785
6766.660156
6730.180176
6673.930176
6711.890137
6737.160156
6838.350098
6784.740234
6715.160156
6707.02002
6725.419922
6761.790039
6730.290039
6683.339844
6681.859863
6680.060059
6678.899902
6655.529785
6692.009766
6705.439941
6810.120117
6790.870117
6812.649902
6830.950195
6843.419922
6876.100098
6762.109863
6543.759766
6567.029785
6635.439941
6792.669922
6838.450195
6774.47998
6766.549805
6836.759766
6870.490234
6808.640137
6823.970215
6772.580078
6762.75
6611.120117
6606.779785
6644.850098
6627.189941
6469.109863
6574.009766
6606.890137
6618.419922
6657.540039
6628.669922
6596.319824
6651.299805
6523.779785
6496.819824
6391.399902
6398.060059
6459.279785
6396.790039
6357.560059
6203.290039
6239.77002
6224.02002
6170.509766
6094.910156
6177.169922
6266.419922
6338.740234
6360.100098
6454.950195
6386.740234
6223.379883
6251.509766
6375.959961
6337.259766
6287.25
6221.899902
6397.319824
6708.399902
6692.959961
6673.5
6796.689941
6801.450195
6897.350098
6899.359863
6863.830078
6824.919922
6866.160156
6827.140137
6848.609863
6975.069824
6897.240234
6878.529785
6965.870117
6972.640137
6975.600098
6991.350098
6917.859863
6815.930176
6465.72998
6557.930176
6712.310059
6696.029785
6760.950195
6790.240234
6965.660156
6918.5
6877.680176
6811.169922
6878.950195
6827.990234
6681.649902
6676.990234
6749.529785
6770.359863
6727.959961
6644.109863
6734.299805
6797.430176
6934.040039
6966.290039
6883.290039
6868.589844
6762.430176
6713.470215
6664.410156
6716.220215
6659.339844
6649.709961
6781.779785
6805.25
6888.359863
6975.379883
6927.490234
6904.649902
6935.100098
6893.439941
6856.430176
6838.879883
6911.310059
6944.089844
6951.589844
6869.540039
6918.919922
6865.100098
6862.140137
6783.470215
6766.759766
6808.850098
6806.419922
6811.700195
6796.27002
6798.169922
6874.930176
6819
6827.990234
6919.029785
6939.430176
6977.600098
6990.609863
6975.600098
7018.839844
7012.5
6959.740234
6946.410156
6980.669922
6929.810059
6883.5
6899.990234
6818.049805
6843.319824
6758.310059
6773.850098
6851.350098
6876.200195
6891.009766
6955.290039
7015.879883
7038.930176
6984.689941
6970.72998
7028.779785
7106.080078
7063.359863
7044.75
7096.97998
7073.299805
7096.669922
7101.529785
7107.870117
7104.910156
7111.149902
7140.02002
7120.77002
7089.259766
7132.299805
7164.549805
7149.959961
7131.560059
7142.450195
7144.990234
7160.950195
7146.149902
7139.589844
7131.140137
7078.27002
6976.339844
6990.399902
6913.529785
6917.649902
6971.680176
6973.160156
6924
6936.899902
7060.609863
7010.810059
7046.02002
7027.509766
7033.009766
7061.879883
6937.640137
6910.459961
6876.72998
6771.629883
6599.279785
6741.919922
6784.850098
6655.740234
6609.740234
6753.02002
6790.129883
6791.399902
6836.339844
6730.180176
6698.25
6777.870117
6920.819824
7042.319824
7026.240234
7012.819824
6992.939941
7035.649902
7026.459961
6997.689941
6938.47998
6835.279785
6757.140137
6857.279785
6884.450195
6841.419922
6806.72998
6707.339844
6716.75
6624.02002
6683.549805
6734.72998
6707.22998
6739.910156
6659.120117
6677.209961
6739.799805
6907.5
6827.669922
6817.72998
6929.709961
6952.549805
6925.790039
6907.819824
6826.189941
6723.410156
6801.339844
6765.709961
6608.259766
6653.839844
6762.430176
6831.580078
6911.620117
6977.600098
6945.569824
6785.689941
6968.830078
6894.810059
6774.060059
6759.049805
6754.819824
6802.399902
6835.490234
6813.290039
6874.830078
6852.410156
6889
6836.660156
6853.790039
6928.120117
6939.120117
6961.430176
6931.189941
6959.419922
7022.970215
7017.149902
7048.129883
6980.990234
7016.72998
7002.560059
6974.430176
6954.97998
6907.609863
6989.129883
6954.549805
6894.390137
6919.97998
6850.509766
6781.359863
6658.700195
6636.279785
6587.430176
6708.930176
6698.040039
6629.089844
6610.169922
6628.350098
6649.290039
6684.5
6721.830078
6759.259766
6650.77002
6407.359863
6443
6278.259766
6332.080078
6213.759766
6303.740234
6201.919922
6081.379883
5988.430176
6110.240234
6206.890137
6340.959961
6239.140137
6224.540039
6298.350098
6230.990234
6049.02002
6055.680176
6265.459961
6164.799805
6214.080078
6342.439941
6291.370117
6362.640137
6368.77002
6437.080078
6619.370117
6649.080078
6591.129883
6542.709961
6491.950195
6592.720215
6654.680176
6742.22998
6712.52002
6778.180176
6754.819824
6687.040039
6767.720215
6756.830078
6730.290039
6727.959961
6745.930176
6699.939941
6730.5
6740.009766
6901.790039
6928.439941
6948.529785
7016.299805
6993.359863
6903.589844
6904.430176
6842.580078
6821.330078
6747.200195
6784.850098
6796.899902
6836.02002
6894.390137
6820.580078
6828.620117
6786.220215
6739.379883
6736.310059
6690.209961
6597.580078
6576.22998
6554.129883
6564.069824
6614.080078
6672.870117
6612.490234
6557.089844
6543.240234
6513.419922
6573.689941
6574.319824
6632.580078
6619.259766
6565.22998
6443
6469.959961
6406.939941
6378.290039
6479.160156
6515.109863
6466.680176
6520.290039
6508.450195
6528.640137
6520.709961
6433.899902
6324.359863
6411.060059
6470.910156
6487.620117
6490.680176
6523.359863
6525.580078
6538.799805
6516.700195
6451.350098
6476.410156
6390.970215
6389.279785
6432.419922
6429.149902
6423.959961
6406.620117
6411.490234
6335.569824
6377.759766
6330.490234
6362.950195
6353.649902
6434.859863
6407.049805
6331.970215
6275.830078
6197.259766
6215.660156
6233.740234
6222.319824
6104.319824
5986.529785
6006.720215
5730.859863
5692.580078
5597.52002
5436.589844
5331.379883
5513.350098
5561.680176
5546.560059
5628.399902
5750.419922
5731.490234
5803.069824
5880.580078
5866.089844
5862.080078
5806.669922
5801.069824
5919.910156
5982.509766
5942.22998
5940.529785
5977.009766
5899.299805
5839.129883
5861.22998
5936.620117
5906.799805
5890.410156
5952.589844
5990.859863
5877.410156
5781.080078
5776.850098
5878.569824
5895.910156
5961.359863
6030.089844
6010.950195
6027.77002
6033.47998
6017.720215
6114.890137
6127.27002
6130.540039
6120.390137
6178.129883
6157.290039
6128.109863
6194.299805
6219.790039
6181.189941
6082.009766
6130.120117
6125.040039
6082.959961
6145.029785
6252.459961
6236.919922
6208.790039
6114.259766
6091.629883
6084.02002
6019.310059
6039.189941
6088.879883
6138.689941
6186.899902
6167.22998
6193.029785
6196.72998
6224.02002
6260.490234
6284.810059
6236.390137
6244.209961
6266.310059
6307.970215
6271.810059
6235.430176
6207.410156
6210.899902
6161
6122.609863
6160.569824
6081.589844
6124.939941
6092.47998
6072.180176
6107.600098
6121.339844
6133.819824
6128.850098
5973.419922
6032.740234
6116.899902
6087.930176
5949.200195
5927.629883
5898.129883
5894.75
5977.75
6055.359863
6042.680176
6091.419922
6086.870117
6040.240234
5943.279785
6017.930176
5959.140137
6008.839844
6094.279785
6104.640137
6124.299805
6117.959961
6224.02002
6332.5
6287.25
6377.120117
6353.75
6366.439941
6388.859863
6392.97998
6348.359863
6352.700195
6419.629883
6420.790039
6445.009766
6369.299805
6363.47998
6345.189941
6264.200195
6298.560059
6342.649902
6348.790039
6327.109863
6305.330078
6245.689941
6249.180176
6246.540039
6255.839844
6247.379883
6315.899902
6181.189941
6217.350098
6173.470215
6288.509766
6275.299805
6269.689941
6278.470215
6196.72998
6178.22998
6144.709961
6132.450195
6072.700195
6010.430176
6071.220215
6136.459961
6150.209961
6109.399902
6002.5
5977.859863
6124.52002
6055.790039
5981.879883
6060.649902
6160.890137
6127.899902
6150.529785
6193.879883
6135.089844
6080.740234
6100.830078
6157.189941
6102.72998
6054.310059
6030.200195
6003.759766
6035.27002
5901.830078
5878.990234
5920.870117
5816.080078
5832.149902
5851.399902
5765.540039
5779.180176
5726.100098
5712.459961
5859.859863
5870.540039
5797.790039
5734.129883
5650.069824
5645.419922
5568.549805
5543.279785
5626.919922
5636.540039
5535.240234
5423.049805
5426.859863
5598.680176
5554.589844
5423.580078
5254.509766
5262.549805
5228.080078
5188.850098
5100.97998
5121.279785
4994.290039
4818.129883
4666.5
4549.660156
4791.490234
4804.279785
4872.799805
5125.189941
5142.529785
5195.609863
5067.879883
4954.640137
4793.180176
4921.330078
5007.080078
5160.089844
5185.669922
5157.870117
5057.839844
5223.319824
5287.080078
5278.089844
5385.72998
5319.959961
5379.700195
5452.450195
5343.430176
5388.47998
5330.850098
5243.089844
5236.109863
5239.810059
5036.589844
5118
5054.560059
5124.450195
5172.029785
5200.049805
5205.759766
5089.560059
5100.240234
5112.930176
5011
4987.52002
4842.660156
4853.029785
4798.149902
4709.330078
4811.890137
4914.669922
4760.609863
4709.959961
4873.75
4762.089844
4718.419922
4613.419922
4521.220215
4591.330078
4452.490234
4590.799805
4754.689941
4785.990234
4992.810059
4888.339844
4995.240234
5011.310059
5093.259766
5036.799805
5059
4993.129883
5066.399902
5028.549805
4985.410156
5027.279785
5000.319824
5079.72998
5098.859863
5136.720215
5182.290039
5079.509766
5040.069824
4947.97998
4971.450195
4958.02002
5061.640137
5100.129883
5057.200195
5044.830078
5122.22998
5214.120117
5198.359863
5208.830078
5111.339844
5247.640137
5236.850098
5229.660156
5164.629883
5155.430176
5104.790039
5131.850098
5040.709961
5104.680176
5105.209961
5086.919922
5035.100098
5138.089844
5094.740234
5037.959961
5001.370117
5067.140137
5067.669922
5044.299805
5036.589844
4958.02002
4986.149902
5000
5146
5148.450195
5255.390137
5186.919922
5124.189941
5210.339844
5209.799805
5209.209961
5233.660156
5171.450195
5165.339844
5108.509766
5016.279785
4962.97998
4995.660156
4880.189941
4786.959961
4840.990234
4865.959961
4784.439941
4868.680176
4884.790039
4824.459961
4807.859863
4757.299805
4713.660156
4732.77002
4708.689941
4649.709961
4653.25
4729.740234
4805.72998
4763.450195
4730.839844
4787.169922
4706.220215
4713.379883
4653.97998
4693.529785
4716.069824
4709.379883
4638.049805
4673.75
4626.02002
4645.100098
4529.069824
4499.640137
4486.700195
4625.209961
4641.629883
4783.950195
4800.160156
4845.370117
4856.439941
4970.939941
4801.580078
4862.009766
4844.629883
4829.709961
4809.100098
4730.209961
4793.560059
4897.970215
4870.290039
4898.049805
4923.27002
4917.600098
4870.569824
4887.410156
4875.629883
4956.279785
4995.25
4932.600098
5006.319824
5004.97998
5101.810059
5135.120117
5085.299805
5017.620117
5108.240234
5117.100098
5131.560059
5126.799805
5201.100098
5207.129883
5259.060059
5226.700195
5174.509766
5242.839844
5300.220215
5283.759766
5279.470215
5312.549805
5321.709961
5196.509766
5204.899902
5223.220215
5273.509766
5288.450195
5367.439941
5377.72998
5366.22998
5435.370117
5470.02002
5481.589844
5558.419922
5585.5
5583.080078
5520.080078
5564.370117
5646.77002
5650.660156
5598.609863
5714.410156
5722.850098
5706.060059
5627.430176
5631.410156
5549.089844
5551.189941
5523.350098
5555.839844
5509.609863
5505.169922
5526.47998
5590.549805
5558.459961
5639.160156
5642.439941
5617.169922
5544.790039
5588.790039
5625.299805
5583.850098
5552.509766
5484.189941
5555.259766
5483.609863
5527.109863
5538.620117
5531.609863
5611.02002
5606.609863
5570.589844
5557.529785
5558.990234
5505.72998
5515.680176
5451.02002
5460.910156
5499.990234
5526.419922
5552.290039
5594.899902
5569.620117
5610.47998
5616.359863
5652.009766
5657.799805
5645.140137
5656.870117
5594.930176
5585.640137
5597.490234
5605.72998
5639.149902
5660.160156
5732.27002
5759.799805
5768.549805
5747.680176
5805.600098
5766.180176
5708.22998
5734.509766
5749.259766
5730.439941
5800.180176
5787.089844
5855.970215
5847.879883
5771.100098
5794.220215
5712.620117
5679.629883
5644.140137
5685.350098
5644.029785
5768.319824
5779.959961
5831.779785
5858.02002
5876.560059
5855.339844
5886.890137
5897
5940.75
5960.279785
5935.609863
5952.25
5907.120117
5930.680176
5937.990234
5858.129883
5864.330078
5851.140137
5870.180176
5945.930176
5952.390137
5951.370117
5959.009766
5995.97998
5975.919922
5966.580078
5985.240234
5989.169922
5950.680176
5941.200195
6018.939941
6036.810059
6010.72998
5963.350098
5939.049805
5967.129883
5924.779785
5942.319824
6016.089844
6033.189941
6068.77002
6073.02002
6147.350098
6139.620117
6142.779785
6153.899902
6122.890137
6166.169922
6137.169922
6108.649902
6176.850098
6196.290039
6172.02002
6207.049805
6215.990234
6288.049805
6284.299805
6321.839844
6337.47998
6350.339844
6364.339844
6442.200195
6443.600098
6464
6451.259766
6534.580078
6541.149902
6525.299805
6569.319824
6526.169922
6543.680176
6509.450195
6559.810059
6550.040039
6567.680176
6599.47998
6658.319824
6657.089844
6626.819824
6672.040039
6639.779785
6555.970215
6555.709961
6551.629883
6568.700195
6574.819824
6526.100098
6544.279785
6632.669922
6641.819824
6677.040039
6751.049805
6716.189941
6691.399902
6770.27002
6719.140137
6715.290039
6676.709961
6665.5
6654.879883
6670.27002
6677.660156
6692.370117
6766.560059
6717.129883
6718.330078
6742.75
6780.029785
6741.379883
6698.069824
6591.720215
6480.549805
6545.959961
6445.120117
6489.709961
6567.720215
6561.169922
6501.529785
6404.27002
6418.319824
6375.669922
6464.419922
6469.569824
6553.560059
6586.629883
6599.060059
6644.339844
6680.330078
6715.089844
6694.140137
6675.399902
6655.709961
6683.649902
6583.629883
6551.169922
6569.459961
6616.930176
6620.049805
6527.120117
6546.77002
6633.299805
6616.879883
6597.700195
6612.700195
6500.209961
6452.22998
6439.419922
6488.75
6531.240234
6554.02002
6483.089844
6364.069824
6251.819824
6300.959961
6311.140137
6294.580078
6293.339844
6231.189941
6276.529785
6287.160156
6277.120117
6308.120117
6334.129883
6429.319824
6435.140137
6492.299805
6484.720215
6487.25
6506.339844
6456.709961
6503.879883
6610.890137
6603.419922
6525.52002
6556.970215
6465.209961
6526.029785
6535.370117
6546.009766
6566.580078
6545.160156
6553.810059
6602.339844
6597.560059
6571.200195
6571.580078
6574.52002
6602.990234
6544.759766
6542.359863
6497.529785
6518.709961
6473.580078
6500.399902
6503.779785
6504.600098
6488.799805
6457.120117
6456.02002
6446.660156
6473.029785
6390.209961
6390.629883
6324.100098
6297.640137
6347.600098
6357.77002
6394.069824
6403.149902
6426.399902
6402.709961
6385.060059
6295.100098
6225.830078
6227.549805
6295.109863
6278.600098
6217.060059
6234.839844
6315.950195
6320.25
6386.72998
6372.629883
6414.669922
6385.439941
6382.509766
6431.790039
6439.799805
6455.52002
6414.540039
6454.220215
6469.859863
6535.049805
6510.439941
6555.640137
6534.089844
6544.310059
6568.299805
6581.810059
6594.209961
6546.319824
6574.609863
6604
6565.899902
6633.220215
6548.560059
6521.430176
6531.370117
6496.370117
6543.390137
6560.680176
6570.25
6663.180176
6677.75
6679.25
6717.430176
6654.220215
6636.419922
6643.169922
6609.709961
6556.529785
6516.100098
6559.379883
6572.370117
6530.390137
6539.47998
6563.490234
6521.319824
6520.899902
6598.450195
6665.870117
6670.5
6692.709961
6699.859863
6701.470215
6787.399902
6885.200195
6906.22998
6890
6886.339844
6891.220215
6950.970215
7014.180176
7003.060059
6959.299805
7013.459961
7002.910156
6947.189941
6979.790039
6985.299805
7016.350098
7046.689941
7032.22998
7005.720215
7097.319824
7074.819824
7092.620117
7082.580078
7014.720215
7029.970215
7048.100098
7028.509766
7102.410156
7124.609863
7159.649902
7131.97998
7098.149902
7116.97998
7167.029785
7190.140137
7208.779785
7197.27002
7245.810059
7242.240234
7253.560059
7250.060059
7179.709961
7090.52002
7055.209961
7076.939941
7057.509766
7081.700195
7044.109863
7075.640137
7028.669922
7066.220215
7114.529785
7059.27002
7010.470215
6996.560059
6984.029785
6998.640137
7046.399902
7048.970215
7031.990234
7089.830078
7146.209961
7169.390137
7148.319824
7217.430176
7200.910156
7207.450195
7161.990234
7210.649902
7261.640137
7280.370117
7303.959961
7306.759766
7272.540039
7287.470215
7211.169922
7243.279785
7283.279785
7361.890137
7321.22998
7351.029785
7343.140137
7357.120117
7441.180176
7440.310059
7426.169922
7354.740234
7354.97998
7330.430176
7353.890137
7310.410156
7264.470215
7284.310059
7276.839844
7229.200195
7158.970215
7127.180176
7128.799805
7131.52002
7070.529785
7158.5
7167.529785
7136.359863
7137.529785
7170.899902
7191.180176
7227.080078
7181.5
7189.419922
7208.040039
7133.990234
7063.740234
6958.350098
6969.089844
7030.740234
6937.600098
7049.180176
7015.850098
7071.859863
7011.209961
7010.209961
6935.310059
7008.319824
7043.009766
7032.029785
7124.689941
7117.290039
7110.080078
7144.600098
7066.810059
7079.859863
6989.640137
6937.689941
6996.129883
7034.640137
7113.120117
7140.959961
7121.02002
7155.950195
7153.97998
7129.240234
7164.470215
7184.899902
7134.330078
7190.649902
7206.080078
7169.209961
7184.490234
7199.319824
7180.569824
7212.129883
7200.109863
7213.02002
7235.140137
7256.390137
7289.759766
7346.319824
7325.689941
7314.25
7320.089844
7246.549805
7209.060059
7210.319824
7267.919922
7262.310059
7217.779785
7245.589844
7289.669922
7251.870117
7254.569824
7330.580078
7382.5
7411.850098
7400.830078
7403.399902
7403.589844
7372.439941
7414.569824
7453.410156
7412.410156
7447.160156
7423.25
7428.069824
7465.439941
7516.779785
7476.660156
7502.100098
7556.589844
7566.540039
7515.180176
7453.290039
7452.709961
7505.580078
7528.390137
7590.830078
7558.330078
7564.779785
7480.160156
7461.77002
7433.240234
7458.540039
7486.540039
7453.779785
7417.419922
7434.580078
7379.859863
7413.97998
7397.060059
7496.089844
7543.850098
7531.129883
7618.959961
7625.240234
7594.640137
7663.819824
7637.509766
7578.25
7577.290039
7583.140137
7646.290039
7611.890137
7562.839844
7515.02002
7519.859863
7518.899902
7556.450195
7548.649902
7575.100098
7632.5
7632.97998
7626.22998
7558.100098
7436.359863
7399.660156
7435.189941
7385.569824
7380.810059
7322.740234
7293.120117
7362.589844
7370.839844
7277.910156
7363.069824
7234.089844
7254.490234
7374.529785
7361.839844
7334.77002
7263.319824
7369.549805
7433.120117
7425.180176
7509.819824
7534.810059
7507.560059
7519.419922
7489.720215
7500.990234
7530.129883
7561.399902
7549.169922
7509.379883
7518.97998
7601.120117
7634.580078
7676.640137
7715.350098
7743.339844
7747.52002
7687.419922
7692.990234
7645.279785
7756.540039
7760.850098
7759.240234
7775.850098
7731.279785
7743.430176
7762.600098
7790.990234
7825
7852.180176
7815.709961
7814
7778.589844
7777.27002
7806.75
7833.77002
7841.899902
7767.850098
7795.759766
7788.140137
7753.950195
7912.410156
7962.939941
7944.060059
8031.660156
8053.419922
8030.589844
8063.509766
8008.089844
8025.939941
7992.600098
7953.009766
8018.220215
7902.27002
7953.919922
7973.02002
7969.490234
8044
8096.140137
8105.25
8106.549805
8112.220215
8038
8001.399902
8019.870117
7932.5
7974.910156
7980.169922
7980
7947.799805
8021.569824
8019.759766
8086.740234
8092.419922
8082.660156
8128.200195
8107.759766
8126.029785
8139.669922
8060.609863
8130.629883
8126.529785
8119.910156
8067.439941
8017.359863
8026.089844
8007.830078
8079.240234
8114.109863
8197.599609
8236.69043
8261.919922
8271.610352
8255.639648
8199.839844
8255.879883
8227.040039
8252.389648
8232.019531
8175.720215
8249.379883
8271.790039
8233.200195
8269.650391
8324.75
8369.169922
8359.820312
8270.650391
8283.080078
8214.459961
8220.549805
8227.950195
8242.150391
8389.44043
8431.25
8422.129883
8461.05957
8440.589844
8405.919922
8429.860352
8440.5
8471.429688
8461.75
8541.799805
8497.230469
8531.610352
8632.94043
8623.219727
8646.959961
8631.589844
8526.740234
8411.259766
8378.209961
8387.570312
8199.379883
8148.180176
8176.060059
8094.799805
8094.959961
8062.930176
8187.399902
8241.150391
8110.990234
8189.109863
8270.879883
8305.25
8145.529785
8100.709961
8037.060059
7992.490234
7965.319824
7855.439941
7719.779785
7780.330078
7976.450195
7933.859863
7850.22998
7860.359863
7953.459961
7920.319824
7924.620117
7966.790039
7886.47998
7929.700195
8138.859863
8169.069824
8241.509766
8163.939941
8197.839844
8155.049805
8175.180176
8206.280273
8113.180176
7991.850098
7950.069824
7892.870117
7898.359863
8076.649902
8007.529785
7953.140137
8099.939941
8149.77002
8164.259766
8144.859863
8254.980469
8242.120117
8206.099609
8259.910156
8262.44043
8270.919922
8238.530273
8210.19043
8192.629883
8209.780273
8163.279785
8169.680176
8296.019531
8357.400391
8354.070312
8379.929688
8361.700195
8364.240234
8320.19043
8327.570312
8318.030273
8359.179688
8383.639648
8388.379883
8388.55957
8435.75
8452.959961
8345.219727
8287.80957
8294.639648
8262.169922
8348.320312
8382.700195
8357.80957
8363.450195
8390.469727
8347.570312
8391.839844
8373.30957
8344.669922
8398.379883
8451.790039
8476.509766
8490.679688
8469.650391
8461.379883
8447.830078
8538.669922
8570.480469
8534.320312
8538.400391
8563.599609
8540.639648
8626.860352
8645.5
8692.459961
8646.450195
8663.549805
8700.80957
8702.030273
8736.589844
8750.070312
8795.759766
8845.320312
8779.870117
8766.780273
8774.980469
8718.139648
8722.570312
8716.759766
8819.620117
8835.219727
8857.549805
8813.730469
8827.980469
8823.980469
8880.469727
8901.549805
8894.480469
8897.169922
8884.169922
8918.080078
8948.94043
8933.429688
8820.589844
8851.639648
8947.169922
8969
8949.070312
9019.030273
9064.929688
9047.759766
9041.980469
9042.19043
9064.69043
9059.259766
9082.129883
9147.200195
9140.389648
9105.049805
9139.44043
9128.879883
9103.450195
9062.129883
9102.25
9179.400391
9172.759766
9139.019531
9133.080078
9113.160156
9025.040039
9041.120117
9023.900391
9003.120117
9063.089844
9139.94043
9139.55957
9146.259766
9125.379883
9179.530273
9130.919922
9199.730469
9268.490234
9154.660156
9154.099609
9139.549805
9206.389648
9254.730469
9327.69043
9325.240234
9313.209961
9345.25
9353.620117
9345.540039
9291.650391
9258.320312
9351.349609
9427.30957
9434.959961
9433.419922
9453.929688
9433.530273
9433.05957
9420.200195
9421.44043
9088.650391
9124.540039
9074.269531
8957.969727
8837.969727
9006.009766
8999.200195
9078.650391
9094.990234
9120.929688
8926.879883
8958.599609
9005.25
8983.009766
9091
9158.269531
9317.730469
9313.820312
9338.400391
9341.360352
9288.790039
9218.530273
9279.080078
9261.820312
9305.549805
9381.459961
9398.55957
9426.570312
9429.209961
9468.700195
9413.629883
9477.759766
9522.860352
9625.530273
9631.69043
9634.870117
9601.69043
9697.339844
9660.55957
9648.5
9746.570312
9715.490234
9705.360352
9627.730469
9639.790039
9718
9753.94043
9793
9825.089844
9788.030273
9827.929688
9669.370117
9787.030273
9765.379883
9764.730469
9825.429688
9818.980469
9893.740234
9897.459961
9900.959961
9913.660156
9812.509766
9876.110352
9892.490234
9963.610352
9978.639648
10042.59961
10064.04981
10001.46973
9895.009766
9720.94043
9826.070312
9841.730469
9724.490234
9863.5
9926.790039
10013.92969
10005.46973
10026.51953
9905.080078
9960.790039
9848.969727
9807.209961
9774.290039
9848.910156
9865.769531
9873.019531
9997.429688
10032.61035
10026.24023
10075.38965
10099.59961
9953.570312
10014.67969
10197.69043
10220.66992
10188.17969
10170.36035
10148.28027
10194.00977
10072.92969
10121.58008
9909.950195
9930.360352
9654.379883
9508.230469
9623.179688
9554.5
9573.049805
9619.330078
9370.599609
9553.769531
9606.070312
9746.200195
9449.30957
9435.040039
9428.860352
9254.269531
9089.040039
9087.099609
9314.990234
9326.209961
9332.540039
9477.129883
9478.620117
9607.040039
9528.929688
9289.490234
9508.919922
9456.639648
9596.980469
9698.679688
9583.169922
9637.549805
9486.44043
9457.639648
9597.610352
9598.730469
9678.120117
9673.650391
9607.75
9909.030273
9970.900391
9936.469727
9981.830078
9946.419922
9933.820312
9980.120117
10056.9502
10039.28027
10184.5
10175.83984
10101.03027
10142.92969
10247.92969
10186.42969
10280.30957
10264.5
10245.25
10301.49023
10216.29004
10125.40039
10165.29981
10174.61035
9920.269531
9930.780273
10040.99023
10009.29981
10029.54981
10189.12988
10256.21973
10164.96973
10311.61035
10022.08008
10052.25977
9958.820312
10102.41016
9830.150391
9877.469727
9733.339844
9569.969727
9860.980469
9809.150391
9652.519531
9701.379883
9497.330078
9575.290039
9405.219727
9582.980469
9389.5
9521.759766
9791.049805
9773.570312
9856.849609
9811.860352
9748.379883
9887.599609
10030.15039
10023.58008
10104.41992
9838.259766
9921.639648
9864.280273
9698.370117
9528.669922
9602.549805
9586.070312
9622.269531
9787.929688
9873.480469
9894.150391
9779.299805
9803.889648
9740.320312
9647.5
9656
9432.030273
9462.240234
9326.080078
9424.69043
9490.759766
9347.469727
9439.339844
9172.169922
9073.429688
8818.950195
8794.860352
8661.169922
8805.679688
8942.25
8827.5
8978.410156
9046.019531
8994.450195
9126.160156
9277.580078
9202.110352
8874.5
8818.110352
8859.040039
8823.120117
8868.280273
8965.349609
9073.480469
8968.410156
8970.759766
9023.040039
9073.959961
8977.730469
9064.830078
9210.080078
9302.799805
9292.889648
9221.879883
8962.459961
8970.389648
8891.450195
8962.419922
8765.410156
8676.269531
8534.370117
8842.679688
8781.230469
8827.160156
8635.919922
8489.379883
8826.44043
8549.5
8717.55957
8859.610352
8936.230469
8881.549805
8817.169922
8762.120117
8797.290039
9088.490234
9104.459961
9140.639648
9157.530273
9184.719727
9150.629883
9074.820312
9096.860352
8936.110352
8922.839844
8978.19043
9203.759766
9173.80957
9310.240234
9312.290039
9227.969727
9237.290039
9250.219727
9344.30957
9349.610352
9285.910156
9299.599609
9395.040039
9451.169922
9438.099609
9510.980469
9339.469727
9388.540039
9327.969727
9417.969727
9410.459961
9437.450195
9553.519531
9603.009766
9602.780273
9536.009766
9397.030273
9433.349609
9315.780273
9314.019531
9364.339844
9371.870117
9401.080078
9316.610352
9262
9212.759766
9408.490234
9152.509766
9149.089844
9067.099609
8941.269531
8947.730469
9063.230469
9087.879883
9074.410156
8999.55957
8988.839844
8829.25
8841.889648
8803.339844
8865.799805
8640.740234
8623.509766
8660.480469
8641.280273
8465.509766
8481.540039
8400.209961
8515.790039
8371.629883
8435.94043
8347.240234
8287.759766
8157.799805
8332.820312
8415.049805
8453.849609
8499.740234
8566.650391
8580.570312
8369.910156
8395.580078
8260.19043
8419.200195
8565.30957
8438.639648
8379.150391
8268.650391
8471.849609
8501.44043
8338.400391
8460.320312
8492.94043
8398.709961
8375.389648
8385.969727
8383.669922
8281.860352
8212.469727
8276.910156
8314.139648
8373.549805
8229.030273
8263.719727
8349.839844
8466.120117
8382.080078
8296.969727
8269.25
8008.25
8033.759766
8168.620117
7871.149902
7957.259766
8011.25
8091.839844
7680.149902
7793.129883
7440.390137
7775.160156
8187.129883
7918.609863
7785.27002
7768.819824
7927.870117
7890.370117
7204.009766
7532.799805
7519.950195
7155.410156
7088.939941
6754.910156
6388.379883
6306.350098
5809.97998
5704.129883
6400.959961
6380.529785
5759.959961
5970.899902
5948.799805
6287.600098
6051.339844
5630.470215
5671.930176
5427.540039
5196.529785
5733.450195
5774.890137
5975.029785
6061.089844
6054.97998
6345.089844
6012.169922
5667.399902
5871.97998
5802.049805
5634.370117
5320.700195
5715.790039
5452.629883
5323.359863
5365.660156
5011.990234
4651.209961
4959.790039
5313.759766
5375.359863
5547.379883
5599.299805
5092.660156
5308.950195
5405.549805
5232.259766
5401.25
5639.680176
5522.459961
5631.069824
5504.72998
5543.959961
5497.899902
5804.970215
5769.799805
5617.759766
5616.120117
5520.819824
5468.279785
5487.330078
5538.189941
5534.640137
5670
5757.049805
5915.72998
5908.430176
5968.839844
5799.049805
5837.140137
5702.370117
5551.029785
5538.839844
5328.680176
5347.75
5387.5
5058.060059
5273.990234
5171.680176
5195.549805
5244.609863
5315.439941
5501.459961
5300.899902
5195.790039
5166.470215
5268.02002
5242.75
5326.009766
5475.279785
5479.879883
5214.709961
5252.680176
5256.450195
5206.759766
4939.109863
4924.540039
4881.160156
4804.509766
4633.779785
4821.740234
4753.169922
4713.02002
4617.029785
4360.97998
4334.700195
4464.890137
4267.600098
4284.490234
4226.310059
4499.379883
4505.379883
4684.990234
4721
4728.910156
4868.140137
4975.299805
4937.220215
4832.129883
5185.859863
5064.330078
5127
5230.529785
5096.640137
4899.049805
4978.97998
5085.759766
5267.100098
5318.75
5249.47998
5120.669922
5176.410156
5376.439941
5410.279785
5301.5
5384.970215
5454.27002
5480.600098
5220.120117
5339.589844
5290.609863
5372.100098
5468.410156
5389.830078
5369.850098
5516.140137
5513.359863
5568.759766
5800.220215
5770.759766
5890.549805
5800.089844
6000.390137
5849.299805
5859.140137
5666.470215
5733.450195
5662.890137
5865.870117
5872.220215
5870.390137
5780.540039
5789.620117
5936.580078
5823.560059
5917.060059
6004.069824
6169.069824
6182.870117
6033.899902
6110.759766
6082.640137
6068.560059
6101.569824
6098.060059
6163.129883
6148.609863
5967.259766
5886.759766
5864.549805
5906.200195
5934.240234
5725.069824
5759.490234
5795.720215
5911.029785
5906.959961
5962.5
5905.149902
5954.009766
5775.240234
5770
5654.640137
5624.569824
5667.370117
5627.52002
5761.370117
5805.580078
5993.160156
6043.049805
6038.109863
6141.299805
6154.390137
6151.399902
6302.52002
6337.459961
6364.660156
6328.669922
6280.569824
6384.310059
6424.279785
6565.649902
6569.140137
6558.189941
6517.669922
6586.709961
6550.049805
6463.620117
6538.870117
6604.100098
6537.819824
6352.109863
6437.069824
6479.279785
6553.399902
6676.259766
6671.140137
6697.220215
6687.939941
6722.310059
6709.040039
6643.240234
6487.810059
6474.790039
6546.600098
6637.129883
6726.069824
6772.399902
6850.810059
6843.819824
6879.990234
6917.069824
7038.140137
7002.169922
7016.919922
6968.589844
7047.129883
6964.689941
6862.310059
6823.509766
6939.759766
6926.819824
6910.879883
6718.049805
6674.569824
6795.129883
6899.680176
6912.649902
6990.669922
7015.540039
7051.160156
7031.870117
7182.379883
7204.049805
7133.959961
7222.209961
7158.27002
7107.209961
7182.910156
7066.799805
6960.089844
6932.040039
6765.689941
6955.310059
6739.450195
6784.939941
6812.700195
6830.430176
6950.140137
6958.290039
7135.330078
7126.419922
7155.359863
7063.049805
7119.890137
7237.100098
7234.060059
7226.709961
7117.640137
7084.470215
7186.330078
7170.259766
7232.120117
7070.089844
7092.359863
7212.080078
7222.419922
7157.049805
7182.709961
7155.72998
7056.259766
7067.620117
7104.5
7125.120117
7186.490234
7141.439941
7180.77002
7063.75
7086.189941
7147.149902
7184.180176
7217.200195
7255
7261.240234
7252.189941
7241.240234
7184.959961
7326.740234
7354.870117
7377.700195
7393.930176
7425.350098
7449.049805
7370.450195
7430.140137
7448.52002
7356.790039
7443.680176
7329.830078
7174.459961
7030.609863
7073.129883
7028.319824
7035.609863
6956.990234
6883.779785
7008.22998
7101.439941
7042.620117
6787.859863
6782.75
6713.870117
6835.160156
6819.120117
6898.720215
6874.560059
7013.350098
7035.200195
7080.379883
7083.25
7078.529785
6974.600098
7030.669922
7013.450195
7035.040039
7100.75
7135.970215
7164.660156
7173.069824
7291.310059
7292.529785
7294.02002
7327.669922
7353.240234
7362.850098
7350.959961
7426.700195
7474.129883
7443.569824
7386.850098
7419.02002
7478.859863
7408.160156
7385.600098
7403.580078
7464.899902
7460.720215
7447.799805
7539.049805
7600.930176
7604.439941
7546.180176
7565.330078
7629.049805
7641.75
7638.350098
7728.959961
7719.660156
7584.620117
7596.560059
7669.109863
7644.669922
7642.830078
7701.609863
7677.649902
7463.089844
7499.720215
7589.290039
7474.399902
7543.120117
7337.25
7258.02002
7011.919922
6916.180176
7257.620117
7221.660156
7316.359863
7234.370117
7077.640137
7063.830078
6959.209961
6927.209961
6653
6775.450195
6666.740234
6665.830078
6631.359863
6893.290039
6791.569824
6661.100098
6839.609863
6860.390137
6600.27002
6512.419922
6596.120117
6559.709961
6783.509766
6814.759766
6817.970215
6989.879883
6976.080078
6982.040039
6988.25
6978.859863
6858.950195
6850.049805
6730.240234
6763.930176
6736.600098
6520.089844
6469.649902
6462.029785
6434.810059
6486.089844
6685.779785
6755.810059
6808.709961
6794.47998
6907.779785
6903.359863
6916.810059
6709.509766
6739.640137
6820.040039
6731.160156
6901.910156
6965.109863
7046
7044.990234
6999.180176
6994.569824
6998.990234
7174.899902
7146.990234
7182.140137
7174.27002
7153.720215
7188.299805
7139.75
6902.709961
6881.939941
6861.040039
6871.580078
6959.790039
6968.080078
6850.450195
6813.149902
6784.970215
6681.029785
6696.120117
6665.259766
6794.910156
6695.279785
6704.149902
6910.97998
6966.25
7055.029785
6959.939941
6999.939941
7034.370117
7067.509766
7156.180176
7162.080078
7179.790039
7169.47998
7154.649902
7266.02002
7245.950195
7210.850098
7141.509766
7301.040039
7263.370117
7310.319824
7299.310059
7281.069824
7335.910156
7272.529785
7434.180176
7448.330078
7425.009766
7478.419922
7479.009766
7489.620117
7561.5
7546.589844
7520.600098
7571.100098
7423.649902
7523.810059
7515.669922
7522.910156
7546.379883
7530.799805
7480.870117
7504.850098
7513.350098
7509.209961
7582.140137
7608.410156
7782.430176
7800.660156
7782.200195
7702.310059
7747.459961
7723.240234
7623.240234
7617.509766
7472.629883
7488.759766
7619.939941
7641.080078
7610.299805
7470.77002
7579.259766
7500.540039
7483.339844
7430.939941
7603.72998
7712.25
7751.580078
7740.689941
7739.640137
7750.319824
7782.140137
7823.299805
7850.02002
7855.220215
7798.779785
7840.240234
7835.310059
7846.959961
7906.100098
7931.759766
7925.359863
7920.939941
7931.669922
7961.47998
7951.910156
7964.02002
8043.970215
8022.180176
8040.040039
8000.899902
7980.319824
7966.089844
8018.680176
8122.97998
8119.430176
8174.120117
8190.910156
8104.919922
8076.720215
8105.75
8157.419922
8141.129883
8193.639648
8207.05957
8062.640137
8139.160156
8290.089844
8272.570312
8289.049805
8288.5
8336.639648
8379.849609
8343.990234
8337.129883
8374.889648
8405.150391
8383.669922
8453.759766
8497.410156
8507.900391
8325.860352
8292.919922
8276.290039
8378.040039
8438.549805
8315.849609
8338.759766
8465.450195
8413.049805
8337.019531
8394.040039
8379.44043
8200.070312
8248.530273
8193.959961
8092.109863
7929.870117
8064.859863
8116.399902
8256.360352
8228.410156
8248.830078
8311.610352
8321.780273
8296.519531
8345.379883
8416.69043
8404.980469
8469.339844
8482.410156
8488.389648
8508.230469
8489.330078
8483.94043
8445.769531
8360.459961
8367.30957
8374.160156
8400.30957
8277.110352
8332.030273
8457.650391
8504.360352
8485.25
8554.990234
8609.280273
8639.730469
8671.410156
8649.610352
8584.679688
8506.610352
8397.400391
8425.900391
8478.19043
8550.490234
8428.089844
8456.179688
8371.669922
8336.589844
8333.070312
8407.480469
8427.950195
8357.530273
8236.549805
8252.459961
8295.370117
8341.660156
8386.339844
8477.280273
8281.589844
8277.759766
8222.150391
8115.870117
8131.689941
8081.350098
8149.649902
8016.390137
8017.060059
8132.77002
7967.810059
7963.600098
8000.109863
8032.220215
8156.27002
8101.839844
8054.080078
7974.720215
8031.080078
8135.97998
8228.5
8319.099609
8425.480469
8404.629883
8396.480469
8476.129883
8410.19043
8228.730469
8192.75
8246.799805
8191.129883
8227.040039
8135.529785
8254.379883
8281.830078
8411.450195
8408.200195
8357.570312
8331.669922
8153.209961
8124.029785
8079.439941
8040.930176
7831.97998
7853.200195
7428.399902
7419.069824
6895.970215
7258.040039
7101.240234
7257.580078
7303.879883
7482.709961
7394.490234
7418.939941
7079.410156
6970.100098
6980.620117
7209.589844
7273.129883
7149.669922
7245.819824
7450.299805
7464
7528.390137
7443.459961
7250.72998
7148.129883
7355.169922
7257.359863
7045.009766
7047.120117
7109.950195
7199.120117
7329.100098
7348.180176
7234.629883
7217.109863
6981.330078
6726.620117
6770.72998
6940.810059
7043.120117
6876.939941
6974.910156
6791.649902
6571.450195
6722.97998
6844.160156
6997.640137
6925.799805
7173.450195
7161.259766
7263.689941
7229.080078
7350.459961
7188.660156
7341.72998
7240.259766
7273.899902
7431.100098
7547.629883
7400.819824
7506.149902
7813.990234
7803.939941
7563.379883
7337.149902
7461.100098
7605.140137
7552.22998
7590.430176
7671.910156
7353.450195
7423.640137
7576.180176
7493.290039
7509.049805
7392.02002
7274.160156
7282.470215
7134.470215
7094.890137
6919.919922
6898.180176
7120.549805
7149.709961
7484.5
7450.430176
7453.549805
7531.009766
7539.319824
7559.709961
7369.52002
7502.879883
7363.490234
7277.620117
7184.75
7217.120117
7237.660156
7142.450195
7360.970215
7388.52002
7460.75
7518.660156
7508.370117
7396.990234
7485.629883
7477.029785
7624.319824
7612.149902
7599.970215
7557.680176
7584.660156
7668.899902
7661.97998
7681.259766
7632.029785
7670.470215
7766.950195
7819.359863
7829.339844
7855.52002
7840.649902
7914.810059
7883.899902
7876.609863
7834.399902
7838.47998
7931.430176
7945.430176
8060.430176
8048.040039
8069.700195
8082.97998
8081.25
7992.049805
8056.22998
8029.609863
7998.649902
8092.189941
8114.509766
8115.419922
8094.390137
8136.149902
8151.970215
8143.560059
8171.540039
8113.240234
8175.109863
8125.169922
8091.279785
7920.350098
7979.779785
8082.47998
8102.100098
8086.279785
8234.480469
8185.27002
8246.719727
8270.400391
8297.469727
8241.269531
8219.339844
8141.319824
8180.049805
8288.780273
8239.330078
8188.350098
8166.370117
8206.929688
8281.120117
8216.540039
8106.830078
8081.350098
7992.310059
7841.910156
7912.850098
8039.950195
7931.089844
7949.560059
8064.040039
8030.370117
7995.910156
8025.439941
7940.740234
7988.009766
8070.790039
8123.069824
8151.910156
8119.060059
8164.040039
8124.319824
8049.890137
7933.290039
7948.77002
7887.259766
7820.25
7852.75
7815.879883
7705.439941
7635.810059
7592.819824
7480.419922
7427.740234
7542.97998
7542.580078
7540.899902
7552.339844
7534.330078
7615.029785
7471.399902
7463.959961
7292.22998
7285.529785
7338.620117
7517.459961
7519.830078
7553.77002
7459.290039
7557.819824
7506.419922
7582.819824
7664.259766
7662.290039
7766.259766
7757.919922
7566.109863
7616.589844
7491.870117
7527.080078
7598.049805
7597.5
7801.839844
7832.149902
7901.669922
7837.77002
7756.609863
7736.399902
7667.569824
7685.319824
7638.649902
7758.299805
7743.02002
7794.77002
7831.089844
7849.75
7759.589844
7670.540039
7590.609863
7607.569824
7754.509766
7912.160156
7911.040039
7863.930176
7841.330078
7765.600098
7939.549805
7964.089844
8017.709961
8018.240234
8025
8044.759766
8018.640137
8019.529785
8029.009766
8089.990234
8102.069824
8094.330078
8082.680176
8074.200195
8011.439941
8047.870117
8036.240234
8033.850098
8031.649902
7966.22998
8014.930176
8002.310059
7992.009766
8160.560059
8234.509766
8192.389648
8246.139648
8267.30957
8407.030273
8458.870117
8408.959961
8387.429688
8400.480469
8372.910156
8377.509766
8356.55957
8274.780273
8221.320312
8303.740234
8251
8284.360352
8295.110352
8297.5
8376.330078
8384.070312
8359.110352
8279.110352
8229.169922
8256.589844
8227.080078
8293.5
8386.469727
8446.509766
8442.820312
8324.139648
8329.179688
8195.30957
8179.259766
8211.910156
8190.200195
8221.400391
8311.360352
8234.910156
8240.25
8312.349609
8138.799805
8050.830078
8053.560059
8054.040039
8023.22998
7903.419922
7896.879883
7931.549805
8080.290039
8086.410156
8112.180176
8225.509766
8197.570312
8150.77002
8207.360352
8256.070312
8260.429688
8223.540039
8223.870117
8264.799805
8280.929688
8314.299805
8322.679688
8366.469727
8380.879883
8338.320312
8333.75
8407.009766
8499.349609
8463.820312
8516.429688
8443.150391
8420.549805
8395.490234
8399.830078
8316.160156
8443.509766
8632.009766
8607.790039
8667.679688
8636.910156
8604.379883
8636.099609
8713.75
8712.400391
8717.44043
8733.099609
8710.55957
8766.540039
8792.629883
8832.75
8828.660156
8856.589844
8904.530273
8880.009766
8935.639648
8904.30957
8894.709961
8965.120117
8852.790039
8920.129883
8934.240234
8893.740234
8935.230469
8919.019531
8957.610352
8955.599609
8953.070312
8933.219727
9004.389648
8883.629883
8810.290039
8894.629883
8719.400391
8766.169922
8875.330078
8868.719727
8874.19043
8901.040039
8978.089844
8996.969727
9013.429688
9054.44043
9082.240234
9059.959961
9057.019531
9127.959961
9116.620117
9045.44043
9017.660156
9081.089844
9009.660156
9065.780273
9022.959961
9083.700195
9070.44043
9107.040039
9107.759766
9092.889648
8983.389648
9027.830078
9000.240234
9051.570312
9088.379883
9189.080078
9234.019531
9188.25
8953.94043
9086.419922
8948.349609
8921.179688
8994.120117
9019.900391
9113.799805
9146.450195
9188.860352
9169.900391
9245.219727
9276.879883
9175.780273
9246.719727
9340.459961
9348.900391
9409.009766
9463.320312
9409.219727
9442.759766
9437.169922
9515.860352
9551.410156
9489.30957
9576.410156
9587.519531
9598.269531
9508.040039
9466.290039
9442.230469
9494.160156
9422.490234
9460.049805
9302.269531
9357.080078
9320.080078
9178.410156
9260.480469
9355.410156
9358
9255.480469
9189.429688
9331.370117
9263.69043
9337.889648
9399.629883
9255.700195
8995.969727
9018.540039
8892.019531
8989.259766
9067.269531
9143.549805
9112.69043
9167.879883
9144.719727
9135.089844
9214.169922
9266.299805
9341.400391
9340.679688
9493.259766
9498.5
9520.950195
9489
9523.790039
9587.200195
9618.5
9650.580078
9659.629883
9605.040039
9635.05957
9620.129883
9571.790039
9556.169922
9558.830078
9673.400391
9690.070312
9671.599609
9614.320312
9568.259766
9634.700195
9622.110352
9609.030273
9630.570312
9593.5
9489.290039
9465.589844
9385.889648
9421.55957
9339.379883
9425.780273
9474.769531
9432.509766
9288.230469
9309.070312
9315.820312
9270.660156
9333.490234
9400.240234
9420.349609
9439.69043
9539.929688
9620.709961
9655.379883
9607.320312
9635.080078
9704.490234
9738.929688
9887.879883
9854.759766
9769.730469
9733.030273
9715.209961
9698.950195
9726.259766
9684.169922
9621.240234
9693.269531
9689.290039
9619.19043
9675.709961
9597.540039
9483.160156
9497.019531
9693.969727
9761.759766
9797.179688
9726.620117
9845
9934.839844
9984.629883
9982.679688
10056.58984
9990.330078
10029.19043
10053.86035
10053.86035
10108.42969
10054.37988
10009.63965
10018.15039
10064.11035
10011.91016
10059.49023
9924.370117
10032.13965
10042.94043
10009.82031
10079.88965
10130.50977
10189.79981
10167.15039
10135.61035
10096.44043
10162.40039
10205.71973
10176.2002
10167.88965
10182.99023
10183.23047
10137.01953
10086.70996
10064.86035
10016.74023
10131.20996
10146.25977
10114.66992
9991.459961
9949.580078
9954.839844
10024.96973
9989.080078
10154.2002
10151.53027
10196.07031
10246.66992
10284.40039
10331.66992
10353.21973
10357.83984
10400.32031
10283.41992
10296.76953
10270.04981
10327.33008
10320.91016
10325.74023
10371.12988
10256.15039
10343.08008
10385.38965
10376.23047
10343.45996
10366.00977
10368.88965
10269.38965
10034.44043
9981.349609
10066.83984
9962.919922
10048.69043
9967.650391
9741.580078
9816.969727
9809.030273
9940.219727
10055.33984
10050.40039
10170.37012
10173.76953
10228.58008
10282.53027
10319.12012
10254.24023
10316.88965
10306.90039
10369.51953
10353.78027
10349.95996
10397.80957
10425.86035
10329.79004
10489.96973
10482.83984
10525.51953
10511.91016
10486.15039
10425.63965
10418.99023
10297.74023
10285.08008
10377.01953
10441.4502
10359.50977
10400.7002
10392.21973
10362.05957
10417.05957
10359.36035
10373.44043
10434.87012
10527.76953
10584.30957
10616.87012
10598.48047
10517.04981
10407.41992
10452.00977
10554.94043
10366.80957
10280.94043
10359.41992
10401.98047
10505.79004
10532.83008
10559.34961
10599.01953
10581.88965
10575.91016
10505.00977
10526.51953
10583.65039
10627.16992
10629.33984
10629.99023
10630.13965
10568.67969
10626.83984
10610.65039
10606.69043
10703.5
10702.86035
10656.12012
10568.37012
10603.17969
10618.63965
10541.9502
10620.44043
10644.51953
10681.87012
10720.62012
10702.73047
10752.11035
10756.30957
10772.00977
10770.33008
10776.78027
10847.69043
10904.21973
10918.62012
10914.2002
10872.69043
10825.03027
10856.21973
10863.21973
10886.00977
10975.54004
11003.08008
11018.11035
11014.08984
10921.99023
10962.87012
10949.4502
10974.42969
10979.41992
11046.61035
11050.33984
11104.71973
11035.80957
10963.16016