27.225578
26.704098
28.159896
29.615693
29.528779
29.115941
29.202855
29.029028
29.702606
29.115941
29.463594
29.746062
29.094213
29.550508
29.289768
29.224583
29.029028
28.159896
27.421133
28.811745
28.920387
29.13767
28.637918
28.116439
28.072982
27.442861
26.657131
26.52603
25.826827
26.722681
27.727786
27.968137
27.225234
26.220129
26.373079
26.089028
25.455375
24.843572
25.695726
26.329379
26.591581
26.919332
26.46048
25.499075
27.968137
27.837037
28.121088
26.930255
26.52603
27.006733
27.181533
27.880737
26.963032
26.176428
26.919332
26.198279
26.39493
27.006733
26.749991
27.618536
28.142938
27.487435
27.268934
28.142938
28.842142
27.880737
28.57994
27.815187
27.356334
27.749636
27.946287
27.968137
27.531135
26.39493
26.635281
27.072283
27.618536
27.924437
28.317739
28.011837
28.208488
27.159683
27.268934
27.356334
27.094133
27.793336
27.968137
28.121088
27.771486
28.49254
29.15248
28.833931
29.394136
29.262323
28.603262
28.63072
28.735074
29.284292
29.174448
29.15248
28.625231
28.954761
29.350198
29.284292
29.15248
27.834357
27.878294
28.932793
28.515387
28.141919
27.834357
28.383575
28.537356
29.042636
28.97673
29.65776
29.547917
29.262323
29.509469
29.064605
29.218386
29.300771
28.844918
28.866886
28.542845
27.592701
27.96068
27.043483
27.482858
27.598191
27.460889
28.317669
27.631149
27.416952
27.263171
27.680576
27.482858
27.658607
27.460889
27.10939
27.153327
26.494266
26.779859
28.2957
28.11995
28.185856
28.11995
29.130511
28.625231
28.718595
28.433002
28.400054
28.493418
28.626833
28.759365
29.179048
28.737276
29.250834
29.620821
29.306061
29.510377
29.377846
29.863795
29.31158
29.31158
29.267403
29.162479
28.753845
28.853239
29.15696
29.4662
29.333669
29.598732
29.510377
30.034985
30.305567
30.327656
30.134378
31.100757
31.68058
31.100757
30.570631
30.504365
30.570631
30.344225
30.614808
31.542529
31.503871
31.492833
32.31563
32.094744
31.542529
31.520441
31.608795
32.205187
32.978289
33.132909
33.265441
31.984301
31.034491
31.034491
30.592719
30.570631
31.255377
31.476263
30.658985
30.813605
31.012403
30.946137
31.608795
31.520441
32.536517
31.167023
30.924048
31.343732
31.454175
32.050567
31.918277
31.807296
31.940473
31.918277
32.095848
32.206829
32.073651
32.450988
33.072485
33.472018
33.538607
33.072485
33.050288
31.585333
31.252388
31.54094
32.206829
31.385566
30.630892
31.252388
31.429959
30.453321
30.741873
31.141407
30.364536
29.876218
30.675284
30.963836
30.253555
30.098181
30.830659
31.452155
31.163603
30.852855
30.875051
31.651922
30.275751
29.432292
29.56547
29.432292
29.121544
28.766403
29.032758
29.410095
29.054955
28.500047
28.100514
28.211495
28.500047
29.054955
28.988366
29.299114
28.766403
28.482289
29.114442
29.885097
29.650703
29.473132
30.115939
29.952572
30.116796
30.166776
30.652301
30.616601
30.270308
29.963285
29.45277
29.995414
29.916875
29.816912
30.063245
29.809773
29.916875
29.38137
28.935116
29.060067
29.706242
29.934724
29.845473
30.063245
30.64873
30.698711
29.902595
29.738374
29.50275
29.61342
29.167166
29.010087
28.795885
28.49243
27.739153
27.453552
27.935506
28.788744
28.078308
27.949786
28.917265
28.41746
27.810555
28.096156
28.892275
29.309968
29.456341
29.988275
29.252849
29.274268
30.184628
30.241747
30.391688
30.148925
30.405968
31.416288
31.234215
31.80542
31.71974
31.79471
31.630489
31.701892
30.880783
30.737981
31.255638
31.484119
31.68047
32.030334
31.606992
31.441961
31.951404
32.091321
32.10926
31.833014
32.360393
31.840188
31.861713
31.309218
31.546003
31.606992
31.499365
31.88324
31.840188
31.911939
32.586415
32.844725
32.073384
31.994456
32.069796
32.181011
32.331694
32.281467
31.876064
31.894003
31.757642
31.710994
31.481334
31.725348
31.904769
31.764818
31.779172
31.298323
31.154785
31.344972
31.470566
31.341383
31.219377
31.14761
31.118901
30.774412
30.483747
30.663169
30.853358
30.856945
30.609344
30.232558
30.91795
31.118901
30.50169
29.40363
30.236147
30.659582
30.666758
30.437098
29.970601
29.855771
29.949071
29.611757
29.317506
29.697882
29.604582
29.554063
29.842745
29.878833
29.698405
29.951003
29.799445
29.207642
29.40972
29.149904
29.380851
29.510759
30.095346
29.626233
29.236508
29.142688
28.976695
28.976695
29.40972
29.748925
29.517978
29.517978
29.76336
28.976695
28.493147
27.720916
26.717739
25.858904
25.880554
26.183671
25.988809
27.728132
28.435411
28.21168
28.861221
28.752963
29.28703
29.366416
29.546844
29.633451
30.513937
30.376813
30.521155
30.059261
30.131431
29.9077
29.157122
29.258161
29.676752
29.496325
28.767398
29.272596
29.633451
29.3592
28.478712
28.471496
29.222076
28.695225
28.428193
28.485931
28.36978
28.674674
29.21913
29.081202
29.400615
28.093922
26.997749
27.25183
26.86708
27.556724
27.49865
27.905176
27.418796
27.1139
26.932415
27.186496
27.150199
27.338943
27.810805
28.224592
27.099383
27.636578
27.259089
26.721894
27.164715
26.453293
26.75819
27.201015
27.259089
27.839841
27.803544
27.948733
28.311704
28.747267
28.885198
28.877937
28.529486
28.747267
28.790825
29.037645
28.783567
28.819863
28.485931
28.59482
27.948733
28.050364
28.529486
27.948733
28.050364
27.87614
27.600282
28.239111
28.166515
28.427854
28.282665
27.549466
28.086661
28.348
28.311704
27.839841
27.825325
28.253627
27.968828
27.961527
28.11488
28.041855
28.217115
28.480008
28.406984
28.312049
28.472707
28.589548
29.73605
29.940521
29.73605
29.882099
30.159598
30.670778
31.145446
31.035906
31.554388
31.320706
31.335311
31.758862
32.131291
31.488665
31.576297
31.846492
31.941426
31.985239
31.78807
31.78807
31.744256
31.291495
31.941426
32.094779
32.007149
32.007149
32.408789
31.904911
31.510574
31.13084
31.576297
31.196564
31.532481
30.962882
30.159598
30.378674
30.875249
30.831435
31.006695
31.050512
30.561238
30.19611
29.429341
29.604604
29.210265
28.991188
29.334407
29.714141
29.794469
29.641116
28.662572
28.553033
29.217566
28.909087
28.615295
29.386497
29.805152
29.166154
29.577463
29.52605
29.078017
29.210223
29.694979
30.040185
29.548083
29.261637
29.599496
28.901741
29.32774
28.703434
28.813604
29.055984
28.754847
28.953154
28.740157
28.666708
29.15881
28.909087
28.754847
29.401187
29.32774
28.916431
29.18819
28.828294
29.379153
29.085361
28.97519
29.562773
30.054872
29.856566
29.49667
29.31305
29.761083
29.643566
29.232257
28.079125
27.249164
26.830511
26.257618
25.853655
26.154792
25.523139
23.797115
22.232675
22.710086
24.920867
24.898834
25.772862
26.683617
26.198859
26.999441
24.715214
24.685834
23.870562
24.531594
25.192623
26.441238
26.685173
26.411669
25.75378
26.899542
27.453943
27.239574
27.468727
26.74431
26.936501
27.37263
26.722135
27.106517
27.276536
26.330356
26.16034
26.204693
24.851953
24.999794
24.962835
25.362004
25.132851
25.71682
25.57637
24.829778
25.191988
25.428532
24.445393
24.54149
23.920561
24.297552
24.186674
23.617488
24.105361
25.243732
24.260593
23.580527
25.073713
24.13493
24.526706
24.438002
24.534096
24.171889
24.267986
24.977619
25.53202
25.820308
26.833013
26.263828
26.833013
26.611253
26.611253
26.005109
25.968149
25.628114
25.953365
25.605939
24.563665
25.191988
24.881522
25.620723
25.325042
26.30079
25.953365
25.655734
25.752465
25.201848
25.328342
24.852134
25.670616
25.931042
26.020333
26.19147
26.221234
25.938484
25.462276
25.745023
25.268815
26.012891
25.893838
25.730144
25.968248
25.871517
25.871517
26.154267
25.678056
26.072418
26.057536
25.953366
26.072418
26.68256
26.429574
26.444456
26.154267
26.563508
26.600711
26.355165
26.280758
25.774786
25.856635
25.998009
26.392371
26.414692
27.06948
26.154267
26.042654
26.593272
26.221234
26.117061
26.355165
25.990569
26.109621
25.834314
25.239051
24.919101
24.859574
24.323838
23.676493
24.301517
25.186966
24.72564
25.410191
25.767347
25.767347
25.395309
25.178062
24.983288
25.178062
24.998271
24.496359
24.818483
25.050709
25.282939
25.305412
25.193045
25.605062
25.47022
25.575097
25.35036
25.455237
25.485203
25.814816
25.642518
26.159413
25.88973
26.062028
25.732412
25.89722
25.515168
25.837292
25.762378
26.256799
26.406625
26.661327
26.661327
26.968468
26.451573
26.721256
26.863591
26.908537
26.990941
26.181888
26.706276
26.743731
26.256799
26.608889
26.256799
25.904713
25.822309
25.979624
25.717432
26.121957
26.256799
25.987114
26.241817
26.121957
26.533975
26.474046
26.316731
26.062028
26.526485
26.091994
26.369169
26.578923
26.998434
26.55645
26.369169
26.526485
26.474046
26.760743
26.821098
26.806009
26.564581
26.62494
26.745653
26.436324
26.647572
27.00217
27.122884
27.145517
27.696273
27.500115
27.137973
27.462392
27.598195
27.899978
28.216853
28.035781
28.171585
28.262119
28.322477
28.820422
28.820422
28.616717
28.903413
28.420555
28.171585
27.824533
27.832076
27.869799
27.839623
27.658551
27.68873
27.439756
27.092705
27.29641
27.371855
27.205875
27.198329
26.896546
27.054982
26.783376
26.858821
26.632483
26.549492
26.345787
26.557038
27.070072
26.692841
26.949358
26.911633
26.59476
26.979534
26.971991
26.730564
26.647572
26.843734
26.655119
26.866367
26.670205
26.971991
27.349222
27.552927
27.742843
27.887177
27.727649
28.061899
27.978339
28.046705
27.864388
27.955547
28.145462
27.750438
27.932758
27.978339
28.297395
28.525293
28.639243
28.844352
28.927916
28.988687
28.844352
29.224183
28.950705
28.867141
28.867141
28.662032
28.494906
28.646839
27.985934
28.168254
28.099884
27.894775
28.15306
28.031515
28.22143
27.940353
28.122673
27.803614
28.37336
28.532891
28.677226
28.935511
29.125426
28.897529
28.829159
29.095039
29.231779
29.429292
29.239377
29.558433
29.368518
29.338131
29.133022
28.37336
28.563276
28.753191
28.669631
28.867141
28.722807
27.575716
27.788423
27.864388
27.59091
27.370607
27.287044
27.202896
27.355891
27.577737
27.554789
27.738384
27.539489
27.233493
26.889252
27.111096
27.01165
27.034598
27.202896
27.401791
27.753684
27.692487
27.837833
27.921982
27.952582
28.319775
28.136177
28.61047
28.794065
28.908814
29.000612
29.115361
28.916463
29.429005
29.742649
30.14809
30.293437
30.19399
30.408186
30.469386
30.637681
31.043125
31.119623
31.364418
31.081374
31.808111
31.593913
31.364418
31.28792
30.821279
31.25732
31.119623
31.119623
30.813627
30.981925
31.27262
31.693362
31.578613
31.395018
31.785159
31.509764
31.219072
31.723962
31.203771
31.127271
30.913076
30.867176
30.890127
30.989573
31.351351
31.628457
32.267336
32.25964
32.25964
32.505956
32.174969
32.29043
32.352008
32.775365
32.567536
32.829246
32.567536
32.45977
32.72918
32.359707
32.251944
32.136483
32.706089
32.75997
32.92931
32.659903
31.828587
32.352008
32.159574
32.382798
32.513655
32.682995
31.944049
31.512995
31.374443
30.866417
30.981878
31.35905
31.628457
31.982535
32.013325
31.959444
32.25964
32.521351
32.475165
32.251944
32.675299
33.183324
32.9601
33.329573
33.622074
33.760626
33.66056
33.329573
33.060167
33.329573
33.075562
33.106349
33.675955
33.19102
32.744575
32.752271
33.622074
33.498916
33.860693
33.737535
33.291087
32.367403
33.002665
33.31255
33.103378
33.521723
33.351285
33.072389
33.002665
33.103378
33.002665
33.157608
33.947813
33.738641
33.599193
33.506228
33.854848
33.916824
33.738641
33.599193
34.087261
34.002042
33.661171
34.071766
33.971053
34.149239
34.652799
34.683788
34.846477
34.652799
34.784502
35.218338
35.071144
34.280939
34.381652
34.528846
34.404892
34.54434
34.645053
34.939441
35.148613
35.109879
35.210592
35.202843
35.02466
35.218338
35.109879
35.504983
35.559212
35.559212
34.993671
35.164108
35.109879
35.117627
35.179603
35.489488
35.659922
35.869094
35.83036
36.326174
35.822614
35.504983
34.954936
35.29581
35.086638
35.172367
34.728134
35.0087
35.141192
34.572262
34.922973
35.141192
35.265889
35.063257
34.954145
35.219126
35.265889
35.413965
35.172367
35.928341
36.193322
36.614175
36.676525
36.746668
36.684318
37.003854
36.918124
37.019441
36.996062
36.964887
37.058409
37.697481
37.572784
38.570362
38.079367
37.222073
37.27663
37.377945
37.822178
37.526024
37.666309
38.102747
38.126126
38.43787
38.991213
38.765201
38.843136
38.804169
38.476837
37.78321
37.962462
38.204064
37.993637
37.650721
38.087159
38.0404
37.95467
38.0404
38.492425
38.149509
37.884528
38.359936
38.048192
37.744243
38.398903
39.11591
39.271782
39.100322
38.638017
38.920101
38.912266
39.507781
38.849582
38.716373
39.178681
39.217859
39.47644
39.891733
40.11897
40.346207
40.471579
40.252176
40.158148
40.079792
39.311887
39.390247
39.288381
38.94361
39.194353
39.429425
39.296219
39.703674
39.69584
39.578303
39.257038
39.021966
40.00927
40.50292
40.189492
40.722322
39.868227
40.001433
40.06412
39.985761
40.165983
39.249203
38.982788
38.77906
39.272709
39.014132
39.16301
39.061144
39.64099
39.609646
40.017105
40.354042
40.001433
39.742855
39.523453
40.06412
40.220836
40.510757
40.549935
40.17382
40.432398
41.740967
42.258126
42.720435
43.323787
43.40998
43.921796
43.732819
44.362748
44.181644
44.748581
44.819445
46.047807
45.772215
46.7801
45.866703
46.787973
48.134448
49.811632
49.851005
48.898235
49.354935
49.646276
50.055731
49.606906
49.685646
47.866728
47.536014
48.071454
48.252558
47.520265
47.473023
48.417917
49.331314
48.937608
47.953344
47.31554
46.457262
46.370646
45.882452
46.646242
46.929707
47.677748
47.756491
47.291919
47.953344
47.913971
47.252546
47.473023
47.58326
46.575374
46.260409
44.244635
45.079292
46.16592
44.992676
46.677736
46.787973
47.213176
46.669863
45.969067
44.095028
44.906061
45.465125
44.488734
45.063543
45.512368
45.354885
45.677723
45.063543
45.34054
43.385728
42.499337
42.222338
42.625964
42.459766
43.393644
42.744676
43.330329
43.559842
44.066351
44.49372
44.952742
44.477891
45.229742
45.364282
45.229742
45.585879
45.467168
44.897343
46.250673
46.20319
46.258589
46.33773
46.891726
47.580262
48.189657
48.157999
47.097494
47.224121
46.709699
46.021163
46.931296
46.765098
46.250673
45.482996
46.147791
47.59609
46.780927
47.10541
47.01044
47.46155
47.398235
47.295349
46.369388
46.029076
46.021163
46.519757
46.69387
45.815392
47.089581
47.437806
47.168722
47.168722
47.485292
46.496015
46.875897
47.334923
46.69387
46.313988
45.973677
46.575156
47.057924
47.638497
48.473561
48.55309
48.05205
46.978396
46.270579
46.214908
46.779571
46.978396
46.922725
46.82729
47.065879
46.453498
46.461449
46.612558
47.638497
49.05413
48.25883
48.561045
48.879163
48.751915
50.262987
49.722183
49.205236
49.682418
49.674464
50.660638
51.400264
51.320735
51.67067
51.678624
50.764028
51.376406
51.392316
51.455935
51.53547
50.53339
49.698325
48.15544
46.882961
46.580746
47.399904
46.525075
47.240846
46.875006
46.254673
46.636416
46.811383
44.775413
45.467324
43.900584
44.035784
45.212828
45.491185
44.695884
44.218702
44.783368
44.648165
44.854945
45.634339
46.580746
46.047896
45.411653
45.859295
45.963212
45.123885
45.17984
45.283757
45.107897
45.707417
45.86729
46.562733
47.458015
47.68983
47.857695
48.049543
46.95442
46.634675
46.386872
47.442028
47.218208
47.569925
47.71381
47.17824
47.497983
46.762573
47.050343
47.210215
47.849703
47.553941
46.410855
46.123085
46.306938
46.043147
45.643467
45.643467
44.660254
44.964012
44.95602
44.900062
46.738593
46.818528
46.586712
47.505978
47.481998
47.849703
48.177441
47.673843
48.736993
49.192628
48.505178
49.160653
48.385273
48.920846
48.728998
48.129478
47.921646
48.992788
50.447624
50.159854
49.520366
49.520366
49.072723
49.536354
48.40126
48.529836
48.15214
47.758374
47.894986
47.854806
48.023563
48.417332
48.658413
48.82717
48.425366
48.079818
48.553943
48.15214
47.710157
48.489657
48.899495
49.003965
48.200357
48.095888
47.983383
47.348533
47.557472
47.927131
48.867353
49.03611
49.534345
49.060217
48.746811
48.795028
49.060217
49.220939
49.156649
49.253084
48.979857
49.245046
49.116469
48.907533
49.044144
49.622742
49.952221
49.895969
49.285229
49.775427
49.823644
49.389696
49.470058
49.863824
51.0612
51.671943
51.366569
52.234466
51.76034
51.390679
50.707611
50.161158
50.691541
50.964765
51.969274
51.246029
50.876371
51.430859
51.197812
51.382641
51.592631
51.253417
50.268087
50.07425
50.041943
48.604329
48.37011
48.822394
49.088917
48.773934
48.539715
49.686579
49.735039
48.620482
49.193912
49.355443
49.791574
48.499334
48.782013
47.505925
48.111662
47.489772
47.03749
45.753328
46.682123
47.74822
47.489772
46.350987
46.350987
46.892113
46.819425
46.924417
47.505925
48.176276
49.363518
50.373079
49.549277
50.195399
50.518457
51.261495
50.752676
50.914206
51.673395
51.66532
51.746084
52.416434
51.689548
52.182215
52.2226
51.891461
51.633013
52.787952
53.094856
53.789435
53.684443
54.112496
54.710155
55.065522
55.30782
55.218978
55.477425
55.913556
55.945857
55.962013
56.262229
56.578679
56.189206
55.734826
54.82606
55.239874
56.067496
56.659818
56.968146
56.497535
57.38196
57.146654
56.878892
56.319033
55.418382
54.907198
55.256099
55.564434
54.509616
54.92343
54.209397
52.692089
52.49735
53.032874
52.505465
52.456784
53.795589
53.146469
52.018629
52.562263
52.667748
52.789453
53.901068
54.469043
54.736806
54.444703
54.363564
53.073447
54.04712
54.623211
54.785488
53.998438
54.525841
53.982207
54.890973
55.49952
56.659818
56.319033
56.124293
56.578679
56.432628
56.73284
56.708499
57.617266
58.112218
57.982392
57.479324
57.949935
57.657832
57.763317
58.542257
59.15892
58.850586
60.148819
60.800751
60.645915
60.654066
60.670362
60.955587
59.219815
59.553933
59.024238
59.806555
59.415399
58.983489
59.056835
60.434042
61.957928
62.59356
62.911376
63.375877
63.612203
62.186103
61.697155
61.526024
61.411937
62.13721
63.041765
64.1582
62.992872
61.534175
62.740245
61.998676
61.827545
61.452685
61.974229
62.715798
63.017319
62.446875
60.393294
59.260564
59.684316
59.20352
58.747164
57.850759
57.842615
59.211671
58.372304
59.048684
58.641227
59.920642
59.407248
60.702959
61.037077
59.912491
59.985837
59.651719
60.621469
60.385143
61.183762
61.558621
61.664558
61.493427
61.206993
61.755309
61.558899
61.051498
61.747124
61.869883
61.657101
61.616185
61.272465
61.198807
61.444325
61.558899
61.706208
58.784575
58.661816
58.097129
57.295115
57.270565
58.105314
58.62908
58.80094
58.203523
57.998926
57.213278
58.121679
57.851617
57.172356
58.187151
58.923699
59.930315
60.855087
61.395218
61.763495
61.959905
61.837146
62.393648
61.747124
62.328182
62.851948
63.105645
63.195668
62.851948
63.482101
62.827391
63.334792
63.351163
63.973131
64.161362
63.997682
63.392079
65.274366
64.816066
64.325037
65.405304
65.920891
65.765396
64.963376
65.192529
65.323467
66.027278
65.920891
66.150037
66.600145
66.632881
65.252061
66.764393
66.780829
66.682196
66.94521
67.232886
68.432885
68.704114
68.030141
68.210964
67.627403
68.638365
67.906858
69.041103
68.35891
69.221926
69.221926
69.254803
68.728776
67.36439
67.956172
68.268498
67.397267
68.506855
69.673977
70.635626
70.98083
70.553429
68.07124
69.287681
67.824662
67.701379
67.249322
68.613708
68.712334
68.94247
69.715075
70.158912
69.994531
71.06302
71.868502
71.095898
71.745214
73.660284
74.243845
73.726032
73.224662
74.917817
75.854803
75.567133
76.80001
74.663018
76.265762
72.517818
70.347949
70.69316
69.969868
70.553429
70.010966
67.463022
68.663021
70.438361
72.246584
68.987029
69.737968
68.425891
68.599183
67.410894
66.569182
69.43264
69.754469
68.61569
68.970528
69.110811
70.711709
70.241343
68.491908
70.332116
70.472399
70.744717
71.982523
71.974269
72.197071
70.761219
70.026788
71.743213
72.329107
73.129556
73.170812
73.657686
75.720695
76.017769
75.993007
76.174553
75.69594
75.885733
76.22407
76.719191
76.380854
77.527887
76.116789
75.365857
75.02752
75.390612
74.829473
76.471627
76.85122
76.463379
77.140046
78.245816
78.179798
78.229315
78.435616
76.03427
75.019273
75.382358
76.026016
75.563904
76.092034
77.24732
75.209066
75.910488
73.030529
72.560163
72.337361
74.58191
72.237503
74.076578
71.94756
70.033931
71.972411
71.500217
69.992508
70.497839
69.677713
72.75112
72.10496
73.140475
70.97832
71.558205
72.83396
73.388995
73.861195
73.604383
72.999646
74.490784
75.749973
75.799676
76.238733
74.789012
76.147607
76.810339
75.534584
74.465932
